3383
4056
1177
313
2406
8138
1394
210
5195
4819
1394
1271
161
346
131
619
2352
354
64
808

32524
36480
29213
46046
82006
68880
19656
98107
163268
135070
161704
11312
21132
65330
27855
55880
164640
67452
162700
170268

3379
4054
1176
2401
8135
307
1377
208
5195
4818
1390
1270
156
297
608
2348
90
351
49
805

27918
27930
0
44616
80434
68224
19544
97991
163268
135070
159732
11270
21096
65189
27360
55836
164500
67438
162620
170184

3375
4052
1175
2394
8131
305
1360
206
5195
4817
1387
1269
151
597
248
2344
349
805
49
34

23312
19380
0
43186
79910
67568
19432
97875
162792
135070
157760
11270
21033
65142
26865
55792
164360
67424
162540
170100

3371
4050
1174
8127
2387
303
1343
5195
4816
204
1386
1268
146
586
2337
347
199
805
20
8

18706
11400
0
41756
79386
66912
19376
97759
162044
135070
155788
11270
20997
65095
25875
55748
164220
67410
162400
170016

3367
4048
1173
8120
2383
301
1326
5195
4815
202
1385
1267
141
575
2333
346
150
805
6

14100
40326
77814
66256
19320
97643
162044
67535
153816
11270
20961
65001
25380
55704
164080
67396
162260
169932

3362
4046
1172
8113
2377
297
1309
5195
4814
199
1383
1266
136
564
2329
345
805
101

9494
38896
76766
65272
19320
97498
161636
67535
75922
11256
20925
64907
24885
55660
163940
67382
162120
169848

3357
4044
1171
8106
2371
293
1292
5193
4813
1381
196
1265
131
553
2325
343
804
52

4888
37466
75980
64288
19208
97353
161228
67509
74936
11256
20889
64907
24435
55616
163800
67368
161980
169764

3352
4042
1170
8099
2365
290
1275
5191
4812
1378
194
1264
126
543
2321
341
804
3

282
36036
75194
63632
19096
97208
160820
67483
73950
11256
20853
64766
23985
55572
163660
67354
161840
169680

3347
4040
1169
8092
2359
287
1258
5189
4811
1375
192
1263
121
533
2317
340
804

34606
75194
62976
19040
97063
160412
67457
72964
20790
64437
23535
55528
163520
67340
161700
84798

3341
4038
1168
8085
2352
282
1241
5187
4810
1371
189
1262
116
523
2310
339
804

33176
73884
61992
18984
96889
159936
67431
71978
20727
64249
23085
55484
163380
67326
161560
84756

3335
4036
1167
8078
2345
277
1224
5185
4809
1367
186
1261
111
513
2303
338
804

31746
72574
61008
18928
96715
159460
67405
70992
20664
64061
22635
55440
163240
67312
161420
84714

3329
4034
1166
8071
2338
272
1207
5184
4808
1363
183
1260
106
503
2296
337
804

30316
71264
60024
18872
96541
158984
67392
70006
20601
63920
22185
55396
163100
67298
161280
84672

3323
4032
1165
8064
2331
267
1190
5183
4807
1360
180
1259
101
493
2289
336
804

28886
69954
59040
18816
96367
158508
67379
69020
20538
63779
21735
55352
162960
67284
161140
84630

3317
4030
1164
8057
2324
262
1173
5182
4806
1357
177
1258
96
483
2282
335
804

27456
68644
58056
18760
96193
158032
67366
68034
20475
63638
21285
55308
162820
67270
161000
84588

3311
4028
1163
8050
2317
5181
257
4805
1156
1354
174
1257
91
473
2275
334
804

26026
67334
57072
18704
96019
157556
67353
67048
20412
63497
20835
55264
162680
67256
160860
84546

3305
4026
1162
8043
2310
5180
4804
1139
252
1351
172
1256
86
463
2268
333
804

24596
66024
56416
18368
95845
157080
67340
66062
20358
63356
20385
55220
162540
67242
160720
84504

3299
4024
1161
8036
2303
5180
4803
1122
247
1348
170
1255
81
453
2262
328
804

23166
64714
55760
18088
95671
156604
67340
65076
20304
63215
19935
55176
162400
67228
160580
84462

3293
4022
1160
8029
2296
5180
4802
1105
242
1345
1254
168
76
2256
443
323
804

21736
63404
55104
17808
95497
156128
67340
64090
20250
63121
19485
55132
162260
67214
160440
84420

3287
4020
1159
8022
2289
5180
4801
1343
1088
237
1253
166
71
2250
433
318
804

20306
61570
54448
17808
95323
155652
67340
63104
20196
63121
19035
55088
162120
67200
160300
84378

3281
4018
1158
8015
2282
5179
4800
1083
1322
235
1252
164
2244
423
66
317
804

18876
61570
53136
17472
95149
155176
67327
62814
20142
62134
19035
55044
161980
67186
160160
84336

3275
4016
1157
8008
2275
5179
4799
1066
1315
234
1251
162
2238
413
312
61
804

17446
61308
53136
17192
94975
154700
67327
61828
20088
61805
18585
55000
161840
67172
160020
84294

3269
4014
1156
8001
2268
5179
4798
1308
233
1049
1250
160
2232
403
307
56
804

16016
61046
52480
17192
94801
154224
67327
60842
20034
61476
36270
54956
161700
67158
159880
84252

3263
4012
1155
7994
2261
5178
4797
1046
1287
228
1249
158
2226
393
306
51
804

14586
59736
51824
16912
94627
153748
67314
60668
19989
60489
17685
54912
161560
67144
159740
84210

3257
4010
1154
7987
2254
5178
4796
1280
1029
227
1248
156
2221
383
302
46
804

13156
59474
51168
16912
94453
153272
67314
59682
19953
60160
17235
54868
161420
67130
159600
84168

3251
4008
1153
7980
2247
5177
4795
1024
226
1259
1247
154
2217
301
373
41
804

11726
59212
50512
16632
94279
152796
67301
59392
19917
59079
16785
54824
161280
67116
159460
84126

3245
4006
1152
7973
2240
5177
4794
1257
1007
221
1246
152
2213
297
363
804
36

57902
49856
16632
94105
152320
67301
58406
11256
19881
59079
16335
54780
161140
67102
159320
84084

3239
4004
1151
7966
2233
5176
4793
1237
1002
220
1245
150
2209
296
353
804
31

57640
49200
16576
93931
151844
67288
58116
11256
19845
58139
15885
54736
161000
67088
159180
84042

3233
4002
1150
7959
2226
5175
4792
997
219
1217
1244
148
2205
295
343
804
26

57378
48544
16296
93757
151368
67275
57826
11256
19809
57105
15435
54692
160860
67074
159040
84000

3227
4000
1149
7952
2219
5175
4791
1215
980
214
1243
146
2201
291
333
804
21

56068
47888
16296
93583
150892
67275
56840
11256
19773
57105
14985
54648
160720
67060
158900
83958

3221
3998
1148
7945
2212
5174
4790
975
1195
213
1242
144
2197
290
323
804
16

55806
47232
16016
93409
150416
67262
56550
11256
19737
56165
14535
54604
160580
67046
158760
83916

3215
3996
1147
7938
2205
5174
4789
1188
958
212
1241
142
2193
286
313
804
11

55544
46576
16016
93235
149940
67262
55564
11256
19701
55836
14085
54560
160440
67032
158620
83874

3209
3994
1146
7931
2198
5173
4788
211
953
1168
1240
140
2189
285
303
804
6

55282
45920
15960
93061
149464
67249
55274
11256
19665
54802
13635
54516
160300
67018
158480
83832

3203
3992
1145
7924
2191
5172
4787
1166
1239
936
206
139
2185
284
293
804
1

53972
45592
15904
92887
148988
67236
54288
11256
19629
54802
13185
54472
160160
67004
158340
83790

3197
3990
1144
7917
2184
5171
4786
1238
931
1146
205
138
2181
283
283
804

53710
45264
15624
92713
74256
67223
53998
11256
19593
53862
12735
54428
160020
66990
158200
83748

3191
3988
1143
7910
2177
5170
4785
1237
1139
204
914
137
2177
279
273
801

53448
44936
30800
92539
74018
67210
52838
11214
19557
53533
12285
54384
159880
66976
158060
83706

3185
3986
1142
7903
2170
5169
4784
1236
911
1119
199
136
2173
275
263
798

52138
44608
15176
92365
73780
67197
52838
11172
19521
52593
11835
54340
159740
66962
157920
83664

3179
3984
1141
7896
2163
5168
4783
1235
1112
198
894
135
2169
271
253
795

51876
44280
29904
92191
73542
67184
51678
11130
19485
52264
11385
54296
159600
66948
157780
83622

3173
3982
1140
7889
2156
5167
4782
1234
891
1092
193
134
2165
267
792
243

50566
43952
14728
92017
73304
67171
51678
11088
19485
51324
10935
54252
159460
66934
157640
83580

3167
3980
1139
7882
2149
5166
4781
1233
1085
874
192
133
2161
263
789
233

50304
43624
14504
91843
73066
67158
50692
11046
19449
50995
10485
54208
159320
66920
157500
83538

3161
3978
1138
7875
2142
5165
4780
1232
869
1065
191
132
2158
259
786
223

50042
43296
14280
91669
72828
67145
50402
11004
19422
50055
10035
54164
159180
66906
157360
83496

3155
3976
1137
7868
2135
5164
4779
1231
190
1058
852
131
2155
255
783
213

49780
42968
28112
91495
72590
67132
49242
10962
19395
49726
9585
54120
159040
66892
157220
83454

3149
3974
1136
7861
2128
5163
4778
1230
849
1038
185
130
2152
251
780
203

48470
42640
13832
91321
72352
67119
49242
10920
19368
48786
9135
54076
158900
66878
157080
83412

3143
3972
1135
7854
2121
5162
4777
1229
1031
832
184
129
2149
247
777
193

48208
42312
13608
91147
72114
67106
48256
10878
19341
48457
8685
54032
158760
66864
156940
83370

3137
3970
1134
7847
2114
5161
4776
1228
827
183
1011
128
2146
243
774
183

47946
41984
13384
90973
71876
67093
47966
10836
19314
47470
8235
53988
158620
66850
156800
83328

3131
3968
1133
7840
2107
5160
4775
1227
1010
810
178
127
2143
239
771
173

46636
41656
13216
90799
71638
67080
46980
10794
19287
47470
7785
53944
158480
66836
156660
83286

3125
3966
1132
7833
2100
5159
4774
1226
805
990
177
126
2141
236
768
163

46374
41328
13048
90625
71400
67067
46690
10752
19269
46530
7335
53900
158340
66822
156520
83244

3119
3964
1131
7826
2093
5158
4773
1225
983
176
788
125
2139
233
765
153

46112
41000
25760
90451
71162
67054
45588
10710
19251
46201
6885
53856
158200
66808
156380
83202

3113
3962
1130
7819
2086
5157
4772
1224
786
963
171
124
2137
230
762
143

44802
40672
12712
90277
70924
67041
45588
10668
19233
45261
6435
53812
158060
66794
156240
83160

3107
3960
1129
7812
2079
5156
4771
1223
956
769
170
123
2135
227
759
133

44540
40344
12544
90103
70686
67028
44602
10626
19215
44932
5985
53768
157920
66780
156100
83118

3101
3958
1128
7805
2072
5155
4770
1222
764
169
936
122
2133
224
756
123

44278
40016
12376
89929
70448
67015
44312
10584
19197
43945
5535
53724
157780
66766
155960
83076

3095
3956
1127
7798
2065
5154
4769
1221
935
747
164
121
2131
221
753
113

42968
39688
12208
89755
70210
67002
43326
10542
19179
43945
5085
53680
157640
66752
155820
83034

3089
3954
1126
7791
2058
5153
4768
1220
742
915
163
120
2130
218
750
103

42706
39360
12040
89581
69972
66989
43036
10500
19170
43005
4635
53636
157500
66738
155680
82992

3083
3952
1125
7784
2051
5152
4767
1219
909
162
725
119
2129
215
747
93

42444
39032
23744
89407
69734
66976
41934
10458
19161
42723
4185
53592
157360
66724
155540
82950

3077
3950
1124
7777
2044
5151
4766
1218
723
889
157
118
2128
212
744
83

41134
38704
11704
89233
69496
66963
41934
10416
19152
41783
3735
53548
157220
66710
155400
82908

3071
3948
1123
7770
2037
5150
4765
1217
883
706
156
117
2127
209
741
73

40872
38376
11536
89059
69258
66950
40948
10374
19143
41501
3285
53504
157080
66696
155260
82866

3065
3946
1122
7763
2030
5149
4764
1216
701
155
863
116
2126
206
738
63

40610
38048
11368
88885
69020
66937
40658
10332
19134
40514
2835
53460
156940
66682
155120
82824

3059
3944
1121
7756
2023
5148
4763
1215
862
684
150
115
2125
203
735
53

39300
37720
11200
88711
68782
66924
39672
10290
19125
40514
2385
53416
156800
66668
154980
82782

3053
3942
1120
7749
2016
5147
4762
1214
842
679
149
114
2125
200
732
43

39038
37392
11032
88537
68544
66911
39382
10248
19125
39574
1935
53372
156660
66668
154840
82740

3047
3940
1119
7742
2009
5146
4762
1213
674
148
822
113
2125
197
729
33

38776
37064
10864
88363
68306
66898
39092
10206
19125
38587
1485
53328
156520
66668
154700
82698

3041
3938
1118
7735
2002
5145
4762
1212
821
657
143
112
2125
194
726
23

37466
36736
10696
88189
68068
66885
38106
10164
19125
38587
1035
53284
156380
66668
154560
82656

3035
3936
1117
7728
1995
5144
4762
1211
652
801
142
111
2125
191
723
13

37204
36408
10528
88015
67830
66872
37816
10122
19125
37647
585
53240
156240
66668
154420
82614

3029
3934
1116
7721
1988
5143
4762
1210
795
141
635
110
2125
188
720
3

36942
36080
20720
87841
67592
66859
36714
10080
19125
37365
135
53196
156100
66668
154280
82572

3023
3932
1115
7714
1981
5142
4762
1209
633
775
109
136
2125
185
717

35632
35752
10192
87667
67354
66846
36714
9968
36425
53152
156100
66654
77070
82530

3017
3930
1114
7707
1974
5141
4761
1208
769
617
108
135
2125
182
712

35370
35424
10024
87493
67116
66833
35786
9898
36143
53108
155960
66640
77000
82488

3011
3928
1113
7700
1967
5141
4760
1207
612
749
134
107
2125
179
707

35108
35096
9856
87319
66878
66833
35496
9828
35203
53064
155820
66626
76930
82446

3005
3926
1112
7693
5141
1960
4759
1206
743
133
106
596
2125
176
702

34846
34768
19376
87145
66640
66833
34452
9758
34921
53020
155680
66612
76860
82404

2999
3924
1111
7686
5141
4758
1953
1205
594
105
723
128
2125
697
173

33536
34440
9520
86971
66402
66833
34452
9758
33934
52976
155540
66598
76790
82362

2993
3922
1110
7679
5141
4757
1946
1204
722
128
578
98
2125
692
170

33536
32144
9352
86797
66164
66833
33524
19236
33934
52932
155400
66584
76720
82320

2987
3920
1109
7672
5141
4756
1939
1203
576
702
123
97
2125
687
167

32226
31816
9184
86623
65926
66833
33408
9548
32994
52932
155260
66570
76650
82278

2981
3918
1108
7665
5141
4755
1932
1203
696
560
123
96
2125
682
164

32226
31488
9016
86449
65688
66833
32480
9478
32712
52932
155120
66556
76580
82236

2975
3916
1107
7658
5141
4754
1925
1203
123
555
676
95
2125
677
161

32226
31160
8904
86275
65450
66833
32190
9478
31725
52932
154980
66542
76510
82194

2969
3914
1106
7651
5141
4753
1918
1203
675
539
118
94
2125
672
159

30916
30832
8792
86101
65212
66833
31262
9338
31725
52932
154840
66528
76440
82173

2963
3913
1105
7644
5141
4752
1911
1203
534
118
655
93
2125
667
157

30916
30504
8680
85927
64974
66833
30972
9338
30738
52932
154700
66514
76370
82152

2957
3912
1104
7637
5141
4751
1904
1203
654
92
518
113
2125
662
155

29606
30176
8568
85753
64736
66833
30044
18424
30738
52932
154560
66500
76300
82131

2951
3911
1103
7630
5141
4750
1897
1203
516
634
113
85
2125
658
153

29606
27880
8456
85579
64498
66833
29928
9156
29798
52932
154420
66486
76230
82110

2945
3910
1102
7623
5141
4749
1890
1203
113
628
500
84
2125
654
151

29606
27552
8344
85405
64260
66833
29000
18312
29516
52932
154280
66472
76160
82089

2939
3909
1101
7616
5141
4748
1883
1203
499
608
108
83
2125
650
149

28296
27224
8232
85231
64022
66833
28942
9044
28576
52932
154140
66458
76090
82068

2933
3908
1100
7609
5141
4747
1876
1203
108
602
483
82
2125
646
147

28296
26896
8120
85057
63784
66833
28014
18088
28294
52932
154000
66444
76020
82047

2927
3907
1099
7602
5141
4746
1869
1203
482
582
103
81
2125
642
145

26986
26568
8008
84883
63546
66833
27956
8932
27354
52932
153860
66430
75950
82026

2921
3906
1098
7595
5141
4745
1862
1203
576
466
103
80
2125
638
143

26986
26240
7896
84709
63308
66833
27028
8876
27072
52932
153720
66416
75880
82005

2915
3905
1097
7588
5141
4744
1855
1203
103
461
556
79
2125
634
141

26986
25912
7784
84535
63070
66833
26738
8876
26085
52932
153580
66402
75810
81984

2909
3904
1096
7581
5141
4743
1848
1203
555
445
98
78
2125
630
139

25676
25584
7672
84361
62832
66833
25810
8764
26085
52932
153440
66388
75740
81963

2903
3903
1095
7574
5141
4742
1841
1203
98
440
77
536
2125
626
137

25676
25256
7672
84187
62594
66833
25520
8708
25192
52932
153300
66374
75670
81942

2897
3902
1094
7567
5141
4741
1834
1203
536
76
424
93
2125
622
135

24366
24928
7448
84013
62356
66833
24592
17304
25192
52932
153160
66360
75600
81921

2891
3901
1093
7560
5141
4740
1827
1203
423
93
517
69
2125
618
133

24366
22632
7336
83839
62118
66833
24534
8652
24252
52932
153020
66346
75530
81900

2885
3900
1092
7553
5141
4739
1820
1203
516
407
88
68
2125
614
131

23056
22304
7224
83665
61880
66833
23606
8554
24252
52932
152880
66332
75460
81879

2879
3899
1091
7546
5141
4738
1813
1203
497
402
88
67
2125
611
129

23056
21976
7112
83491
61642
66833
23316
8512
23359
52932
152740
66318
75390
81858

2873
3898
1090
7539
5141
4737
1806
1203
88
397
478
66
2125
608
127

23056
21648
7000
83317
61404
66833
23026
8512
22419
52932
152600
66304
75320
81837

2867
3897
1089
7532
5141
4736
1799
1203
477
381
83
66
2125
605
125

21746
21648
6888
83143
61166
66833
22098
8428
22419
52932
152460
66290
75250
81816

2861
3896
1088
7525
5141
4735
1792
1203
376
83
66
458
2125
602
123

21746
21648
6888
82969
60928
66833
21808
8386
21526
52932
152320
66276
75180
81795

2855
3895
1087
7518
5141
4734
1785
1203
458
65
360
78
2125
599
121

20436
21320
6720
82795
60690
66833
20880
16688
21526
52932
152180
66262
75110
81774

2849
3894
1086
7511
5141
4733
1778
1203
359
439
78
2125
58
596
120

20436
6720
82621
60452
66833
20822
8302
19107
20633
52932
152040
66248
75040
81753

2843
3893
1085
7504
5141
4732
1771
1203
78
433
343
2123
58
593
119

20436
6664
82447
60214
66833
19894
16604
19089
20351
52932
151900
66234
74970
81732

2837
3892
1084
7497
5141
4731
1764
1203
342
414
73
2121
58
590
118

19126
6608
82273
59976
66833
19836
8218
19071
19458
52932
151760
66220
74900
81711

2831
3891
1083
7490
5141
4730
1757
1203
408
73
2119
58
326
587
117

19126
19024
6496
82099
59738
66833
16352
19053
19176
52932
151620
66206
74830
81690

2825
3890
1082
7483
5141
4729
1750
1203
2117
58
325
389
68
584
116

19024
6496
81925
59500
66833
18850
16352
19053
18283
52932
151480
66192
74760
81669

2819
3889
1081
7476
5141
4728
1743
1203
324
2060
389
68
51
581
115

17816
6384
81751
59262
66833
18792
8134
18513
18283
52932
151340
66178
74690
81648

3888
2813
1080
7469
5141
4727
1736
1203
2057
383
308
68
51
578
114

17816
6384
81577
59024
66833
17864
16128
18513
18001
52932
151200
66164
74620
81627

3887
2807
1079
7462
5141
4726
1729
1203
2001
68
307
377
51
576
113

17816
6328
81403
58786
66833
17806
16128
18009
17719
52932
151060
66150
74550
81606

3886
2801
1078
7455
5141
4725
1722
1203
306
377
1945
51
63
574
112

16728
6216
81229
58548
66833
17748
8036
17478
17719
52932
150920
66136
74480
81585

3885
2795
1077
7448
5141
4724
1715
1203
1942
371
290
51
63
572
111

16728
6216
81055
58310
66833
16820
15960
17478
17437
52932
150780
66122
74410
81564

3884
2789
1076
7441
5141
4723
1708
1203
365
1886
289
51
63
570
110

16728
6160
80881
58072
66833
16762
7952
16956
17155
52932
150640
66108
74340
81543

3883
2783
1075
7434
5141
4722
1701
1203
1884
51
63
284
346
568
109

16506
16728
6104
80707
57834
66833
16472
15848
16956
52932
150500
66094
74270
81522

3882
2777
1074
7427
5141
4721
1694
1203
63
1828
283
346
44
566
108

16506
6048
80533
57596
66833
16414
15848
16452
16262
52932
150360
66080
74200
81501

3881
2771
1073
7420
5141
4720
1687
1203
282
346
1772
58
44
564
107

15196
5936
80359
57358
66833
16356
7896
15930
16262
52932
150220
66066
74130
81480

3880
2765
1072
7413
5141
4719
1680
1203
340
1770
266
58
44
562
106

15196
5936
80185
57120
66833
15428
7840
15912
15980
52932
150080
66052
74060
81459

3879
2759
1071
7406
5141
4718
1673
1203
1768
58
261
321
44
560
105

15196
5880
80011
56882
66833
15138
15680
15912
15087
52932
149940
66038
73990
81438

3878
2753
1070
7399
5141
4717
1666
1203
1712
321
260
44
53
558
104

14432
5824
79837
56644
66833
15080
15568
15408
15087
52932
149800
66024
73920
81417

3877
2747
1069
7392
5141
4716
1659
1203
259
1656
315
44
53
556
103

14432
5712
79663
56406
66833
15022
7784
14886
14805
52932
149660
66010
73850
81396

3876
2741
1068
7385
5141
4715
1652
1203
1654
309
44
243
53
554
102

14432
5712
79489
56168
66833
14094
15456
14886
14523
52932
149520
65996
73780
81375

3875
2735
1067
7378
5141
4714
1645
1203
44
1598
303
242
53
552
101

14432
5656
79315
55930
66833
14036
15456
14382
14241
52932
149380
65982
73710
81354

3874
2729
1066
7371
5141
4713
1638
1203
303
241
53
1542
37
550
100

13886
5600
79141
55692
66833
13978
7672
13860
14241
52932
149240
65968
73640
81333

3873
2723
1065
7364
5141
4712
1631
1203
53
1540
236
284
37
548
99

13886
5544
78967
55454
66833
13688
15344
13860
13348
52932
149100
65954
73570
81312

3872
2717
1064
7357
5141
4711
1624
1203
235
1484
284
48
37
546
98

12576
5432
78793
55216
66833
13630
7644
13338
13348
52932
148960
65940
73500
81291

3871
2711
1063
7350
5141
4710
1617
1203
1482
278
219
48
37
544
97

12576
5432
78619
54978
66833
12702
15176
13338
13066
52932
148820
65926
73430
81270

3870
2705
1062
7343
5141
4709
1610
1203
1426
272
218
48
37
542
96

12576
5376
78445
54740
66833
12644
15120
12834
12784
52932
148680
65912
73360
81249

3869
2699
1061
7336
5141
4708
1603
1203
217
48
266
1370
37
540
95

12576
5320
78271
54502
66833
12586
7560
12312
12502
52932
148540
65898
73290
81228

3868
2693
1060
7329
5141
4707
1596
1203
266
1368
37
201
43
538
94

12136
5264
78097
54264
66833
11658
15008
12303
12502
52932
148400
65884
73220
81207

3867
2687
1059
7322
5141
4706
1589
1203
1367
247
200
43
30
536
93

11266
5208
77923
54026
66833
11600
14980
12303
11609
52932
148260
65870
73150
81186

3866
2681
1058
7315
5141
4705
1582
1203
1312
199
241
43
30
535
92

11266
5096
77749
53788
66833
11542
7490
11808
11327
52932
148120
65856
73080
81165

3865
2675
1057
7308
5141
4704
1575
1203
241
1257
43
194
30
534
91

11266
5096
77575
53550
66833
11252
14924
11304
11327
52932
147980
65842
73010
81144

3864
2669
1056
7301
5141
4703
1568
1203
1256
193
222
38
30
533
90

9956
5040
77401
53312
66833
11194
7462
11304
10434
52932
147840
65828
72940
81123

3863
2663
1055
7294
5141
4702
1561
1203
188
1201
222
38
30
532
90

9956
5040
77227
53074
66833
10904
7448
10791
10434
52932
147700
65814
72870
81102

3862
2657
1054
7287
5141
4701
1203
1554
1199
216
172
38
30
531
90

9956
5040
77053
52836
66833
9976
14840
10791
10152
52932
147560
65800
72800
81081

3861
2651
1053
7280
5141
4700
1203
1547
1144
38
171
210
30
530
90

9956
5040
76879
52598
66833
9918
14840
10296
9870
52932
147420
65786
72730
81060

3860
2645
1052
7273
5141
4699
1203
1540
210
170
30
1089
33
529
90

9840
5040
76705
52360
66833
9860
7392
9792
9870
52932
147280
65772
72660
81039

3859
2639
1051
7266
5141
4698
1203
1533
1088
165
29
191
33
528
90

9512
5040
76531
52122
66833
9570
7378
9792
8977
52932
147140
65758
72590
81018

3858
2633
1050
7259
5141
4697
1203
1526
1033
160
28
191
33
527
90

9184
5040
76357
51884
66833
9280
7364
9297
8977
52932
147000
65744
72520
80997

3857
2627
1049
7252
5141
4696
1203
1519
155
191
27
978
33
526
90

8856
5040
76183
51646
66833
8990
7350
8793
8977
52932
146860
65730
72450
80976

3856
2621
1048
7245
5141
4695
1203
1512
977
185
33
26
140
525
90

8646
8528
5040
76009
51408
66833
14672
8793
8695
52932
146720
65716
72380
80955

3855
2615
1047
7238
5141
4694
1203
1505
33
26
179
922
139
524
90

8646
8528
5040
75835
51170
66833
14644
8298
8413
52932
146580
65702
72310
80934

3854
2609
1046
7231
5141
4693
1203
1498
26
922
138
160
28
523
90

8528
5040
75661
50932
66833
8004
14644
8298
7520
52932
146440
65688
72240
80913

3853
2603
1045
7224
5141
4692
1203
1491
137
867
160
28
522
19
90

7336
5040
75487
50694
66833
7946
7308
7785
7520
52932
146300
65674
72170
80892

3852
2597
1044
7217
5141
4691
1203
1484
865
28
521
154
122
19
90

7336
5040
75313
50456
66833
7076
14588
7785
7238
52932
146160
65660
72100
80871

3851
2591
1043
7210
5141
4690
1203
1477
810
520
154
121
19
23
90

6232
5040
75139
50218
66833
7018
14532
7290
7238
52932
146020
65646
72030
80850

3850
2585
1042
7203
5141
4689
1203
1470
519
120
148
755
19
23
90

6232
5040
74965
49980
66833
6960
7266
6777
6956
52932
145880
65632
71960
80829

3849
2579
1041
7196
5141
4688
1203
1463
518
753
142
19
105
23
90

6232
5040
74791
49742
66833
6090
14476
6777
6674
52932
145740
65618
71890
80808

3848
2573
1040
7189
5141
4687
1203
1456
517
136
699
19
104
23
90

6232
5040
74617
49504
66833
6032
14448
6282
6392
52932
145600
65604
71820
80787

3847
2567
1039
7182
5141
4686
1203
1449
516
698
23
103
118
90
12

6026
5040
74443
49266
66833
5974
14448
6282
5546
52932
145460
65590
71750
80766

3846
2561
1038
7175
5141
4685
1203
1442
516
102
644
118
90
18
12

4716
5040
74269
49028
66833
5916
7224
5778
5546
52932
145320
65576
71680
80745

3845
2555
1037
7168
5141
4684
1203
1435
516
642
112
87
90
18
12

4716
5040
74095
48790
66833
5046
14448
5778
5264
52932
145180
65562
71610
80724

3844
2549
1036
7161
5141
4683
1203
1428
516
588
90
86
106
18
12

4716
5040
73921
48552
66833
4988
7224
5292
4982
52932
145040
65548
71540
80703

3843
2543
1035
7154
5141
4682
1203
1421
516
90
106
534
18
81
12

4716
5040
73747
48314
66833
4698
14448
4797
4982
52932
144900
65534
71470
80682

3842
2537
1034
7147
5141
4681
1203
1414
516
90
533
80
88
12
13

3936
5040
73573
48076
66833
4640
7224
4797
4136
52932
144760
65520
71400
80661

3841
2531
1033
7140
5141
4680
1203
1407
516
90
75
479
88
12
13

3936
5040
73399
47838
66833
4350
7224
4293
4136
52932
144620
65506
71330
80640

3840
2525
1032
7133
5141
4679
1203
1400
516
90
477
12
82
60
13

3936
5040
73225
47600
66833
3480
14448
4293
3854
52932
144480
65492
71260
80619

3839
2519
1031
7126
5141
4678
1203
1393
516
90
82
423
59
13
5

3406
5040
73051
47362
66833
3422
7224
3789
3854
52932
144340
65478
71190
80598

3838
2513
1030
7119
5141
4677
1203
1386
516
90
421
13
54
64
5

3406
5040
72877
47124
66833
3132
14448
3789
3008
52932
144200
65464
71120
80577

3837
2507
1029
7112
5141
4676
1203
1379
516
90
367
53
64
8
5

2096
5040
72703
46886
66833
3074
7224
3303
3008
52932
144060
65450
71050
80556

3836
2501
1028
7105
5141
4675
1203
1372
516
90
64
313
48
8
5

2096
5040
72529
46648
66833
2784
7224
2799
3008
52932
143920
65436
70980
80535

3835
2495
1027
7098
5141
4674
1203
1365
516
90
311
43
46
8
5

2096
5040
72355
46410
66833
2494
7224
2799
2162
52932
143780
65422
70910
80514

3834
2489
1026
7091
5141
4673
1203
1358
516
90
257
38
46
8
5

2096
5040
72181
46172
66833
2204
7224
2313
2162
52932
143640
65408
70840
80493

3833
2483
1025
7084
5141
4672
1203
1351
516
90
46
8
33
203
5

2096
5040
72007
45934
66833
1914
14448
1818
2162
52932
143500
65394
70770
80472

3832
2477
1024
7077
5141
4671
1203
1344
516
90
32
202
5
28
3

1640
5040
71833
45696
66833
1856
7224
1800
1316
52932
143360
65380
70700
80451

3831
2471
1023
7070
5141
4670
1203
1337
516
90
200
28
17
3

786
5040
71659
45458
66833
986
14448
1800
1316
52932
143220
65366
70630
80430

3830
1022
2465
7063
5141
4669
1203
1330
516
90
147
22
16
3

786
5040
71485
45220
66833
928
14448
1323
1034
52932
143080
65352
70560
80409

3829
1021
2459
7056
5141
4668
1203
1323
516
90
15
94
3
16

786
5040
71311
44982
66833
870
7224
828
752
52932
142940
65338
70490
80388

3828
1020
2453
7049
5141
4667
1203
1316
516
90
92
16

71137
44744
66833
828
752
52932
142800
65324
70420
80367

3827
1019
2447
7042
5141
4666
1203
1309
516
90
10
39

70963
44506
66833
351
470
0
142660
65310
70350
80346

3826
1018
2441
7035
5141
4665
1203
1302
516
90
39

70789
44268
66833
351
142520
65296
70280
80325

3825
1017
2435
7028
5141
4664
1203
1295
516
90

70615
44030
66833
71190
70210
80304

3824
1016
2429
7021
5141
4663
1203
1288
516
90

70441
43792
66833
71120
70140
80283

3823
1015
2423
7014
5141
4662
1203
1281
516
90

70267
43554
66833
71050
70070
80262

3822
1014
2417
7007
5141
4661
1203
1274
516
90

70093
43316
66833
70980
70000
80241

3821
1013
7000
2411
5141
4660
1203
1267
516
90

69919
43078
66833
0
70000
80220

3820
1012
6992
2411
5141
4659
1203
1260
516
90

69919
42840
66833
0
69920
80199

3819
1011
2411
6984
5141
4658
1203
1253
516
90

69919
42602
66833
70770
69770
80178

3818
1010
6977
2405
5141
4657
1203
1246
516
90

69745
42364
66833
0
69770
80157

3817
1009
2405
6969
5141
4656
1203
1239
516
90

69745
42126
66833
70630
69620
80136

3816
1008
6962
2399
5141
4655
1203
1232
516
90

69571
41888
66833
0
69620
80115

3815
1007
2399
6954
5141
4654
1203
1225
516
90

69571
41650
66833
70490
69470
80094

3814
1006
6947
2393
5141
4653
1203
1218
516
90

69397
41412
66833
0
69470
80073

3813
1005
2393
6939
5141
4652
1203
1211
516
90

69397
41174
66833
70350
69320
80052

3812
1004
6932
2387
5141
4651
1203
1204
516
90

69223
40936
66833
0
69320
80031

3811
1003
6924
2387
5141
4650
1203
1197
516
90

69223
40698
66833
0
69240
80010

3810
1002
2387
6916
5141
4649
1203
1190
516
90

69223
40460
66833
70140
69090
79989

3809
1001
6909
2381
5141
4648
1203
1183
516
90

69049
40222
66833
0
69090
79968

3808
1000
2381
6901
5141
4648
1203
1176
516
90

69049
39984
66833
70000
68940
79947

3807
999
6894
2375
5141
4648
1203
1169
516
90

68875
39746
66833
0
68940
79926

3806
998
2375
6886
5141
4648
1203
1162
516
90

68875
39508
66833
69860
68790
79905

3805
997
6879
2369
5141
4648
1203
1155
516
90

68701
39270
66833
0
68790
79884

3804
996
6871
2369
5141
4648
1203
1148
516
90

68701
39032
66833
0
68710
79863

3803
995
2369
6863
5141
4648
1203
1141
516
90

68701
38794
66833
69650
68560
79842

3802
994
6856
2363
5141
4648
1203
1134
516
90

68527
38556
66833
0
68560
79821

3801
993
2363
6848
5141
4648
1203
1127
516
90

68527
38318
66833
69510
68410
79800

3800
992
6841
2357
5141
4648
1203
1120
516
90

68353
38080
66833
0
68410
79779

3799
991
2357
6833
5141
4648
1203
1113
516
90

68353
37842
66833
69370
68260
79758

3798
990
6826
2351
5141
4648
1203
1106
516
90

68179
37604
66833
0
68260
79737

3797
989
6818
2351
5141
4648
1203
1099
516
90

68179
37366
66833
0
68180
79716

3796
988
2351
6810
5141
4648
1203
1092
516
90

68179
37128
66833
69160
68030
79695

3795
987
6803
2345
5141
4648
1203
1085
516
90

68005
36890
66833
0
68030
79674

3794
986
2345
6795
5141
4648
1203
1078
516
90

68005
36652
66833
69020
67880
79653

3793
985
6788
2339
5141
4648
1203
1071
516
90

67831
36414
66833
0
67880
79632

3792
984
2339
6780
5141
4648
1203
1064
516
90

67831
36176
66833
68880
67730
79611

3791
983
6773
2333
5141
4648
1203
1057
516
90

67657
35938
66833
0
67730
79590

3790
982
2333
6765
5141
4648
1203
1050
516
90

67657
35700
66833
68740
67580
79569

3789
981
6758
2327
5141
4648
1203
1043
516
90

67483
35462
66833
0
67580
79548

3788
980
6750
2327
5141
4648
1203
1036
516
90

67483
35224
66833
0
67500
79527

3787
979
2327
6742
5141
4648
1203
1029
516
90

67483
34986
66833
68530
67350
79506

3786
978
6735
2321
5141
4648
1203
1022
516
90

67309
34748
66833
0
67350
79485

3785
977
2321
6727
5141
4648
1203
1015
516
90

67309
34510
66833
68390
67200
79464

3784
976
6720
2315
5141
4648
1203
1008
516
90

67135
34272
66833
0
67200
79443

3783
975
2315
6712
5141
4648
1203
1001
516
90

67135
34034
66833
68250
67050
79422

3782
974
6705
2309
5141
4648
1203
994
516
90

66961
33796
66833
0
67050
79401

3781
973
6697
2309
5141
4648
1203
987
516
90

66961
33558
66833
0
66970
79380

3780
972
2309
6689
5141
4648
1203
980
516
90

66961
33320
66833
68040
66820
79359

3779
971
5141
6682
2303
4648
1203
973
516
90

66787
33082
66833
0
66820
79338

3778
970
5141
2303
6674
4648
1203
966
516
90

66787
32844
66833
67900
66670
79317

3777
969
5141
6667
2297
4648
1203
959
516
90

66613
32606
66833
0
66670
79296

3776
968
5141
2297
6659
4648
1203
952
516
90

66613
32368
66833
67760
66520
79275

3775
967
5141
6652
2291
4648
1203
945
516
90

66439
32130
66833
0
66520
79254

3774
966
5141
6644
2291
4648
1203
938
516
90

66439
31892
66833
0
66440
79233

3773
965
5141
2291
6636
4648
1203
931
516
90

66439
31654
66833
67550
66290
79212

3772
964
5141
6629
2285
4648
1203
924
516
90

66265
31416
66833
0
66290
79191

3771
963
5141
2285
6621
4648
1203
917
516
90

66265
31178
66833
67410
66140
79170

3770
962
5141
6614
2279
4648
1203
910
516
90

66091
30940
66833
0
66140
79149

3769
961
5141
2279
6606
4648
1203
903
516
90

66091
30702
66833
67270
65990
79128

3768
960
5141
6599
2273
4648
1203
896
516
90

65917
30464
66833
0
65990
79107

3767
959
5141
2273
6591
4648
1203
889
516
90

65917
30226
66833
67130
65840
79086

3766
958
5141
6584
2267
4648
1203
882
516
90

65743
29988
66833
0
65840
79065

3765
957
5141
6576
2267
4648
1203
875
516
90

65743
29750
66833
0
65760
79044

3764
956
5141
2267
6568
4648
1203
868
516
90

65743
29512
66833
66920
65610
79023

3763
955
5141
6561
2261
4648
1203
861
516
90

65569
29274
66833
0
65610
79002

3762
5141
954
2261
6553
4648
1203
854
516
90

65569
29036
66833
0
65460
78981

3761
5141
953
6546
2255
4648
1203
854
516
90

65395
29036
66833
0
65460
78960

3760
5141
952
6538
2250
4648
1203
854
516
90

65250
29036
66833
0
65380
78939

3759
5141
951
6530
2245
4648
1203
854
516
90

65105
29036
66833
0
65300
78918

3758
5141
950
6522
4648
2240
1203
854
516
90

64960
29036
66833
0
65220
78897

3757
5141
949
6514
4648
2235
1203
854
516
90

64815
29036
66833
0
65140
78876

3756
5141
948
4648
6506
2230
1203
854
516
90

64670
29036
66833
0
65060
78855

3755
5141
947
4648
6498
2225
1203
854
516
90

64525
29036
66833
0
64980
78834

3754
5141
946
4648
6490
2220
1203
854
516
90

64380
29036
66833
0
64900
78813

3753
5141
945
4648
6482
2215
1203
854
516
90

64235
29036
66833
0
64820
78792

3752
5141
944
4648
6474
2210
1203
854
516
90

64090
29036
66833
0
64740
78771

3751
5141
943
4648
6466
2205
1203
854
516
90

63945
29036
66833
0
64660
78750

3750
5141
942
4648
6458
2200
1203
854
516
90

63800
29036
66833
0
64580
78729

3749
5141
941
4648
6450
2195
1203
854
516
90

63655
29036
66833
0
64500
78708

3748
5141
940
4648
6442
2190
1203
854
516
90

63510
29036
66833
0
64420
78687

3747
5141
939
4648
6434
2185
1203
854
516
90

63365
29036
66833
0
64340
78666

3746
5141
938
4648
6426
2180
1203
854
516
90

63220
29036
66833
0
64260
78645

3745
5141
937
4648
6418
2175
1203
854
516
90

63075
29036
66833
0
64180
78624

3744
5141
936
4648
6410
2170
1203
854
516
90

62930
29036
66833
0
64100
78603

3743
5141
935
4648
6402
2165
1203
854
516
90

62785
29036
66833
0
64020
78582

3742
5141
934
4648
6394
2160
1203
854
516
90

62640
29036
66833
0
63940
78561

3741
5141
933
4648
6386
2155
1203
854
516
90

62495
29036
66833
0
63860
78540

3740
5141
932
4648
6378
2150
1203
854
516
90

62350
29036
66833
0
63780
78519

3739
5141
931
4648
6370
2145
1203
854
516
90

62205
29036
66833
0
63700
78498

3738
5141
930
4648
6362
2140
1203
854
516
90

62060
29036
66833
0
63620
78477

3737
5141
4648
929
6354
2135
1203
854
516
90

61915
29036
66833
65058
63540
78456

3736
5141
4647
929
6346
2130
1203
847
516
90

61770
28798
66833
65044
63460
78435

3735
5141
4646
929
6338
2125
1203
840
516
90

61625
28560
66833
65030
63380
78414

3734
5141
929
4645
6330
2120
1203
833
516
90

61480
28322
66833
0
63300
78393

3733
5141
4645
928
6322
2115
1203
833
516
90

61335
28322
66833
65016
63220
78372

3732
5141
4644
928
6314
2110
1203
826
516
90

61190
28084
66833
65002
63140
78351

3731
5141
4643
928
6306
2105
1203
819
516
90

61045
27846
66833
64988
63060
78330

3730
5141
4642
928
6298
2100
1203
812
516
90

60900
27608
66833
64974
62980
78309

3729
5141
4641
928
6290
2095
1203
805
516
90

60755
27370
66833
64960
62900
78288

3728
5141
928
4640
6282
2090
1203
798
516
90

60610
27132
66833
0
62820
78267

3727
5141
4640
927
6274
2085
1203
798
516
90

60465
27132
66833
64946
62740
78246

3726
5141
4639
927
6266
2080
1203
791
516
90

60320
26894
66833
64932
62660
78225

3725
5141
4638
927
6258
2075
1203
784
516
90

60175
26656
66833
64918
62580
78204

3724
5141
4637
927
6250
2070
1203
777
516
90

60030
26418
66833
64904
62500
78183

3723
5141
4636
927
6242
2065
1203
770
516
90

59885
26180
66833
64890
62420
78162

3722
5141
927
4635
6234
2060
1203
763
516
90

59740
25942
66833
0
62340
78141

3721
5141
4635
926
6226
2055
1203
763
516
90

59595
25942
66833
64876
62260
78120

3720
5141
4634
926
6218
2050
1203
756
516
90

59450
25704
66833
64862
62180
78099

3719
5141
4633
926
6210
2045
1203
749
516
90

59305
25466
66833
64848
62100
78078

3718
5141
4632
926
6202
2040
1203
742
516
90

59160
25228
66833
64834
62020
78057

3717
5141
4631
926
6194
2035
1203
735
516
90

59015
24990
66833
64820
61940
78036

3716
5141
926
4630
6186
2030
1203
728
516
90

58870
24752
66833
0
61860
78015

3715
5141
4630
925
6178
2025
1203
728
516
90

58725
24752
66833
64806
61780
77994

3714
5141
4629
925
6170
2020
1203
721
516
90

58580
24514
66833
64792
61700
77973

3713
5141
4628
925
6162
2015
1203
714
516
90

58435
24276
66833
64778
61620
77952

3712
5141
4627
925
6154
2010
1203
707
516
90

58290
24038
66833
64764
61540
77931

3711
5141
4626
925
6146
2005
1203
700
516
90

58145
23800
66833
64750
61460
77910

3710
5141
925
4625
6138
2000
1203
693
516
90

58000
23562
66833
0
61380
77889

3709
5141
4625
924
6130
1995
1203
693
516
90

57855
23562
66833
64736
61300
77868

3708
5141
4624
924
6122
1990
1203
686
516
90

57710
23324
66833
64722
61220
77847

3707
5141
4623
924
6114
1985
1203
679
516
90

57565
23086
66833
64708
61140
77826

3706
5141
4622
924
6106
1980
1203
672
516
90

57420
22848
66833
64694
61060
77805

3705
5141
4621
924
6098
1975
1203
665
516
90

57275
22610
66833
64680
60980
77784

3704
5141
924
4620
6090
1970
1203
658
516
90

57130
22372
66833
0
60900
77763

3703
5141
4620
923
6082
1965
1203
658
516
90

56985
22372
66833
64666
60820
77742

3702
5141
4619
923
6074
1960
1203
651
516
90

56840
22134
66833
64652
60740
77721

3701
5141
4618
923
6066
1955
1203
644
516
90

56695
21896
66833
64638
60660
77700

3700
5141
4617
923
6058
1950
1203
637
516
90

56550
21658
66833
64624
60580
77679

3699
5141
4616
923
6050
1945
1203
630
516
90

56405
21420
66833
64610
60500
77658

3698
5141
923
4615
6042
1940
1203
623
516
90

56260
21182
66833
0
60420
77637

3697
5141
4615
922
6034
1935
1203
623
516
90

56115
21182
66833
64596
60340
77616

3696
5141
4614
922
6026
1930
1203
616
516
90

55970
20944
66833
64582
60260
77595

3695
5141
4613
922
6018
1925
1203
609
516
90

55825
20706
66833
64568
60180
77574

3694
5141
4612
922
6010
1920
1203
602
516
90

55680
20468
66833
64554
60100
77553

3693
5141
4611
922
6002
1915
1203
595
516
90

55535
20230
66833
64540
60020
77532

3692
5141
922
4610
5994
1910
1203
588
516
90

55390
19992
66833
0
59940
77511

3691
5141
4610
921
5986
1905
1203
588
516
90

55245
19992
66833
64526
59860
77490

3690
5141
4609
921
5978
1900
1203
581
516
90

55100
19754
66833
64512
59780
77469

3689
5141
4608
921
5970
1895
1203
574
516
90

54955
19516
66833
64498
59700
77448

3688
5141
4607
921
5962
1890
1203
567
516
90

54810
19278
66833
64484
59620
77427

3687
5141
4606
921
5954
1885
1203
560
516
90

54665
19040
66833
64470
59540
77406

3686
5141
921
4605
5946
1880
1203
553
516
90

54520
18802
66833
0
59460
77385

3685
5141
4605
920
5938
1875
1203
553
516
90

54375
18802
66833
64456
59380
77364

3684
5141
4604
920
5930
1870
1203
546
516
90

54230
18564
66833
64442
59300
77343

3683
5141
4603
920
5922
1865
1203
539
516
90

54085
18326
66833
64428
59220
77322

3682
5141
4602
920
5914
1860
1203
532
516
90

53940
18088
66833
64414
59140
77301

3681
5141
4601
920
5906
1855
1203
525
516
90

53795
17850
66833
64400
59060
77280

3680
5141
920
4600
5898
1850
1203
518
516
90

53650
17612
66833
0
58980
77259

3679
5141
4600
919
5890
1845
1203
518
516
90

53505
17612
66833
64386
58900
77238

3678
5141
4599
919
5882
1840
1203
511
516
90

53360
17374
66833
64372
58820
77217

3677
5141
4598
919
5874
1835
1203
504
516
90

53215
17136
66833
64358
58740
77196

3676
5141
4597
919
5866
1830
1203
497
516
90

53070
16898
66833
64344
58660
77175

3675
5141
4596
919
5858
1203
1825
490
516
90

52925
16660
66833
64330
58580
77154

3674
5141
919
4595
5850
1203
1820
483
516
90

52780
16422
66833
0
58500
77133

3673
5141
4595
918
5842
1203
1815
483
516
90

52635
16422
66833
64316
58420
77112

3672
5141
4594
918
5834
1203
1810
476
516
90

52490
16184
66833
64302
58340
77091

3671
5141
4593
918
5826
1203
1805
469
516
90

52345
15946
66833
64288
58260
77070

3670
5141
4592
918
5818
1203
1800
462
516
90

52200
15708
66833
64274
58180
77049

3669
5141
4591
918
5810
1203
1795
455
516
90

52055
15470
66833
64260
58100
77028

3668
5141
918
4590
5802
1203
1790
448
516
90

51910
15232
66833
0
58020
77007

3667
5141
4590
917
5794
1203
1785
448
516
90

51765
15232
66833
64246
57940
76986

3666
5141
4589
917
5786
1203
1780
441
516
90

51620
14994
66833
64232
57860
76965

3665
5141
4588
917
5778
1203
1775
434
516
90

51475
14756
66833
64218
57780
76944

3664
5141
4587
917
5770
1203
1770
427
516
90

51330
14518
66833
64204
57700
76923

3663
5141
4586
917
5762
1203
1765
420
516
90

51185
14280
66833
64190
57620
76902

3662
5141
917
4585
5754
1203
1760
413
516
90

51040
14042
66833
0
57540
76881

3661
5141
4585
916
5746
1203
1755
413
516
90

50895
14042
66833
64176
57460
76860

3660
5141
4584
916
5738
1203
1750
406
516
90

50750
13804
66833
64162
57380
76839

3659
5141
4583
916
5730
1203
1745
399
516
90

50605
13566
66833
64148
57300
76818

3658
5141
4582
916
5722
1203
1740
392
516
90

50460
13328
66833
64134
57220
76797

3657
5141
4581
916
5714
1203
1735
385
516
90

50315
13090
66833
64120
57140
76776

3656
5141
916
4580
5706
1203
1730
378
516
90

50170
12852
66833
0
57060
76755

3655
5141
4580
915
5698
1203
1725
378
516
90

50025
12852
66833
64106
56980
76734

3654
5141
4579
915
5690
1203
1720
371
516
90

49880
12614
66833
64092
56900
76713

3653
5141
4578
915
5682
1203
1715
364
516
90

49735
12376
66833
64078
56820
76692

3652
5141
4577
915
5674
1203
1710
357
516
90

49590
12138
66833
64064
56740
76671

3651
5141
4576
915
5666
1203
1705
350
516
90

49445
11900
66833
64050
56660
76650

3650
5141
915
4575
5658
1203
1700
343
516
90

49300
11662
66833
0
56580
76629

3649
5141
4575
914
5650
1203
1695
343
516
90

49155
11662
66833
64036
56500
76608

3648
5141
4574
914
5642
1203
1690
336
516
90

49010
11424
66833
64022
56420
76587

3647
5141
4573
914
5634
1203
1685
329
516
90

48865
11186
66833
64008
56340
76566

3646
5141
4572
914
5626
1203
1680
322
516
90

48720
10948
66833
63994
56260
76545

3645
5141
4571
914
5618
1203
1675
315
516
90

48575
10710
66833
63980
56180
76524

3644
5141
914
4570
5610
1203
1670
308
516
90

48430
10472
66833
0
56100
76503

3643
5141
4570
913
5602
1203
1665
308
516
90

48285
10472
66833
63966
56020
76482

3642
5141
4569
913
5594
1203
1660
301
516
90

48140
10234
66833
63952
55940
76461

3641
5141
4568
913
5586
1203
1655
294
516
90

47995
9996
66833
63938
55860
76440

3640
5141
4567
913
5578
1203
1650
287
516
90

47850
9758
66833
63924
55780
76419

3639
5141
4566
913
5570
1203
1645
280
516
90

47705
9520
66833
63910
55700
76398

3638
5141
913
4565
5562
1203
1640
273
516
90

47560
9282
66833
0
55620
76377

3637
5141
4565
912
5554
1203
1635
273
516
90

47415
9282
66833
63896
55540
76356

3636
5141
4564
912
5546
1203
1630
266
516
90

47270
9044
66833
63882
55460
76335

3635
5141
4563
912
5538
1203
1625
259
516
90

47125
8806
66833
63868
55380
76314

3634
5141
4562
912
5530
1203
1620
252
516
90

46980
8568
66833
63854
55300
76293

3633
5141
4561
912
5522
1203
1615
245
516
90

46835
8330
66833
63840
55220
76272

3632
5141
912
4560
5514
1203
1610
238
516
90

46690
8092
66833
0
55140
76251

3631
5141
4560
911
5506
1203
1605
238
516
90

46545
8092
66833
63826
55060
76230

3630
5141
4559
911
5498
1203
1600
231
516
90

46400
7854
66833
63812
54980
76209

3629
5141
4558
911
5490
1203
1595
224
516
90

46255
7616
66833
63798
54900
76188

3628
5141
4557
911
5482
1203
1590
217
516
90

46110
7378
66833
63784
54820
76167

3627
5141
4556
911
5474
1203
1585
516
210
90

45965
7140
66833
63770
54740
76146

3626
5141
911
4555
5466
1203
1580
516
203
90

45820
6902
66833
0
54660
76125

3625
5141
4555
910
5458
1203
1575
516
203
90

45675
6902
66833
63756
54580
76104

3624
5141
4554
910
5450
1203
1570
516
196
90

45530
6664
66833
63742
54500
76083

3623
5141
4553
910
5442
1203
1565
516
189
90

45385
6426
66833
63728
54420
76062

3622
5141
4552
910
5434
1203
1560
516
182
90

45240
6188
66833
63714
54340
76041

3621
5141
4551
910
5426
1203
1555
516
175
90

45095
5950
66833
63700
54260
76020

3620
5141
910
4550
5418
1203
1550
516
168
90

44950
5712
66833
0
54180
75999

3619
5141
4550
909
5410
1203
1545
516
168
90

44805
5712
66833
63686
54100
75978

3618
5141
4549
909
5402
1203
1540
516
161
90

44660
5474
66833
63672
54020
75957

3617
5141
4548
909
5394
1203
1535
516
154
90

44515
5236
66833
63658
53940
75936

3616
5141
4547
909
5386
1203
1530
516
90
147

44370
4998
66833
63644
53860
75915

3615
5141
4546
909
5378
1203
1525
516
90
140

44225
4760
66833
63630
53780
75894

3614
5141
909
4545
5370
1203
1520
516
90
133

44080
4522
66833
0
53700
75873

3613
5141
909
4545
5362
1203
1515
516
90
133

43935
4522
66833
0
53620
75852

3612
5141
909
4545
5354
1203
1510
516
90
133

43790
4522
66833
0
53540
75831

3611
5141
909
4545
5346
1203
1505
516
90
133

43645
4522
66833
0
53460
75810

3610
5141
909
4545
5338
1203
1500
516
90
133

43500
4522
66833
0
53380
75789

3609
5141
909
4545
5330
1203
1495
516
90
133

43355
4522
66833
0
53300
75768

3608
5141
909
4545
5322
1203
1490
516
90
133

43210
4522
66833
0
53220
75747

3607
5141
909
4545
5314
1203
1485
516
90
133

43065
4522
66833
0
53140
75726

3606
5141
909
4545
5306
1203
1480
516
90
133

42920
4522
66833
0
53060
75705

3605
5141
909
4545
5298
1203
1475
516
90
133

42775
4522
66833
0
52980
75684

3604
5141
909
4545
1203
5290
1470
516
90
133

42630
4522
66833
0
52900
75663

3603
5141
909
4545
1203
5282
1465
516
90
133

42485
4522
66833
0
52820
75642

3602
5141
909
4545
1203
5274
1460
516
90
133

42340
4522
66833
0
52740
75621

3601
5141
909
4545
1203
5266
1455
516
90
133

42195
4522
66833
0
52660
75600

3600
5141
909
4545
1203
5258
1450
516
90
133

42050
4522
66833
0
52580
75579

3599
5141
909
4545
1203
5250
1445
516
90
133

41905
4522
66833
0
52500
75558

3598
5141
909
4545
1203
5242
1440
516
90
133

41760
4522
66833
0
52420
75537

3597
5141
909
4545
1203
5234
1435
516
90
133

41615
4522
66833
0
52340
75516

3596
5141
909
4545
1203
5226
1430
516
90
133

41470
4522
66833
0
52260
75495

3595
5141
909
4545
1203
5218
1425
516
90
133

41325
4522
66833
0
52180
75474

3594
5141
909
4545
1203
5210
1420
516
90
133

41180
4522
66833
0
52100
75453

3593
5141
909
4545
1203
5202
1415
516
90
133

41035
4522
66833
0
52020
75432

3592
5141
909
4545
1203
5194
1410
516
90
133

40890
4522
66833
0
51940
75411

3591
5141
909
4545
1203
5186
1405
516
90
133

40745
4522
66833
0
51860
75390

3590
5141
909
4545
1203
5178
1400
516
90
133

40600
4522
66833
0
51780
75369

3589
5141
909
4545
1203
5170
1395
516
90
133

40455
4522
66833
0
51700
75348

3588
5141
909
4545
1203
5162
1390
516
90
133

40310
4522
66833
0
51620
75327

3587
5141
909
4545
1203
5154
1385
516
90
133

40165
4522
66833
0
51540
75306

3586
5141
909
4545
1203
5146
1380
516
90
133

40020
4522
66833
0
51460
75285

3585
5141
909
4545
1203
5138
1375
516
90
133

39875
4522
66833
0
51380
75264

3584
5141
909
4545
1203
5130
1370
516
90
133

39730
4522
66833
0
51300
75243

3583
5141
909
4545
1203
5122
1365
516
90
133

39585
4522
66833
0
51220
75222

3582
5141
909
4545
1203
5114
1360
516
90
133

39440
4522
66833
0
51140
75201

3581
5141
909
4545
1203
5106
1355
516
90
133

39295
4522
66833
0
51060
75180

3580
5141
909
4545
1203
5098
1350
516
90
133

39150
4522
66833
0
50980
75159

3579
5141
909
4545
1203
5090
1345
516
90
133

39005
4522
66833
0
50900
75138

3578
5141
909
4545
1203
5082
1340
516
90
133

38860
4522
66833
0
50820
75117

3577
5141
909
4545
1203
5074
1335
516
90
133

38715
4522
66833
0
50740
75096

3576
5141
909
4545
1203
5066
1330
516
90
133

38570
4522
66833
0
50660
75075

3575
5141
909
4545
1203
5058
1325
516
90
133

38425
4522
66833
0
50580
75054

3574
5141
909
4545
1203
5050
1320
516
90
133

38280
4522
66833
0
50500
75033

3573
5141
909
4545
1203
5042
1315
516
90
133

38135
4522
66833
0
50420
75012

3572
5141
909
4545
1203
5034
1310
516
90
133

37990
4522
66833
0
50340
74991

3571
5141
909
4545
1203
5026
1305
516
90
133

37845
4522
66833
0
50260
74970

3570
5141
909
4545
1203
5018
1300
516
90
133

37700
4522
66833
0
50180
74949

3569
5141
909
4545
1203
5010
1295
516
90
133

37555
4522
66833
0
50100
74928

3568
5141
909
4545
1203
5002
1290
516
90
133

37410
4522
66833
0
50020
74907

3567
5141
909
4545
1203
4994
1285
516
90
133

37265
4522
66833
0
49940
74886

3566
5141
909
4545
1203
4986
1280
516
90
133

37120
4522
66833
0
49860
74865

3565
5141
909
4545
1203
4978
1275
516
90
133

36975
4522
66833
0
49780
74844

3564
5141
909
4545
1203
4970
1270
516
90
133

36830
4522
66833
0
49700
74823

3563
5141
909
4545
1203
4962
1265
516
90
133

36685
4522
66833
0
49620
74802

3562
5141
909
4545
1203
4954
1260
516
90
133

36540
4522
66833
0
49540
74781

3561
5141
909
4545
1203
4946
1255
516
90
133

36395
4522
66833
0
49460
74760

3560
5141
909
4545
1203
4938
1250
516
90
133

36250
4522
66833
0
49380
74739

3559
5141
909
4545
1203
4930
1245
516
90
133

36105
4522
66833
0
49300
74718

3558
5141
909
4545
1203
4922
1240
516
90
133

35960
4522
66833
0
49220
74697

3557
5141
909
4545
1203
4914
1235
516
90
133

35815
4522
66833
0
49140
74676

3556
5141
909
4545
1203
4906
1230
516
90
133

35670
4522
66833
0
49060
74655

3555
5141
909
4545
1203
4898
1225
516
90
133

35525
4522
66833
0
48980
74634

3554
5141
909
4545
1203
4890
1220
516
90
133

35380
4522
66833
0
48900
74613

3553
5141
909
4545
1203
4882
1215
516
90
133

35235
4522
66833
0
48820
74592

3552
5141
909
4545
1203
4874
1210
516
90
133

35090
4522
66833
0
48740
74571

3551
5141
909
4545
1203
4866
1205
516
90
133

34945
4522
66833
0
48660
74550

3550
5141
909
4545
1203
4858
1200
516
90
133

34800
4522
66833
0
48580
74529

3549
5141
909
4545
1203
4850
1195
516
90
133

34655
4522
66833
0
48500
74508

3548
5141
909
4545
1203
4842
1190
516
90
133

34510
4522
66833
0
48420
74487

3547
5141
909
4545
1203
4834
1185
516
90
133

34365
4522
66833
0
48340
74466

3546
5141
909
4545
1203
4826
1180
516
90
133

34220
4522
66833
0
48260
74445

3545
5141
909
4545
1203
4818
1175
516
90
133

34075
4522
66833
0
48180
74424

3544
5141
909
4545
1203
4810
1170
516
90
133

33930
4522
66833
0
48100
74403

3543
5141
909
4545
1203
4802
1165
516
90
133

33785
4522
66833
0
48020
74382

3542
5141
909
4545
1203
4794
1160
516
90
133

33640
4522
66833
0
47940
74361

3541
5141
909
4545
1203
4786
1155
516
90
133

33495
4522
66833
0
47860
74340

3540
5141
909
4545
1203
4778
1150
516
90
133

33350
4522
66833
0
47780
74319

3539
5141
909
4545
1203
4770
1145
516
90
133

33205
4522
66833
0
47700
74298

3538
5141
909
4545
1203
4762
1140
516
90
133

33060
4522
66833
0
47620
74277

3537
5141
909
4545
1203
4754
1135
516
90
133

32915
4522
66833
0
47540
74256

3536
5141
909
4545
1203
4746
1130
516
90
133

32770
4522
66833
0
47460
74235

3535
5141
909
4545
1203
4738
1125
516
90
133

32625
4522
66833
0
47380
74214

3534
5141
909
4545
1203
4730
1120
516
90
133

32480
4522
66833
0
47300
74193

3533
5141
909
4545
1203
4722
1115
516
90
133

32335
4522
66833
0
47220
74172

3532
5141
909
4545
1203
4714
1110
516
90
133

32190
4522
66833
0
47140
74151

3531
5141
909
4545
1203
4706
1105
516
90
133

32045
4522
66833
0
47060
74130

3530
5141
909
4545
1203
4698
1100
516
90
133

31900
4522
66833
0
46980
74109

3529
5141
909
4545
1203
4690
1095
516
90
133

31755
4522
66833
0
46900
74088

3528
5141
909
4545
1203
4682
1090
516
90
133

31610
4522
66833
0
46820
74067

3527
5141
909
4545
1203
4674
1085
516
90
133

31465
4522
66833
0
46740
74046

3526
5141
909
4545
1203
4666
1080
516
90
133

31320
4522
66833
0
46660
74025

3525
5141
909
4545
1203
4658
1075
516
90
133

31175
4522
66833
0
46580
74004

3524
5141
909
4545
1203
4650
1070
516
90
133

31030
4522
66833
0
46500
73983

3523
5141
909
4545
1203
4642
1065
516
90
133

30885
4522
66833
0
46420
73962

3522
5141
909
4545
1203
4634
1060
516
90
133

30740
4522
66833
0
46340
73941

3521
5141
909
4545
1203
4626
1055
516
90
133

30595
4522
66833
0
46260
73920

3520
5141
909
4545
1203
4618
1050
516
90
133

30450
4522
66833
0
46180
73899

3519
5141
909
4545
1203
4610
1045
516
90
133

30305
4522
66833
0
46100
73878

3518
5141
909
4545
1203
4602
1040
516
90
133

30160
4522
66833
0
46020
73857

3517
5141
909
4545
1203
4594
1035
516
90
133

30015
4522
66833
0
45940
73836

3516
5141
909
4545
1203
4586
1030
516
90
133

29870
4522
66833
0
45860
73815

3515
5141
909
4545
1203
4578
1025
516
90
133

29725
4522
66833
0
45780
73794

3514
5141
909
4545
1203
4570
1020
516
90
133

29580
4522
66833
0
45700
73773

3513
5141
909
4545
1203
4562
1015
516
90
133

29435
4522
66833
0
45620
73752

3512
5141
909
4545
1203
4554
1010
516
90
133

29290
4522
66833
0
45540
73731

3511
5141
909
4545
1203
4546
1005
516
90
133

29145
4522
66833
0
45460
73710

3510
5141
909
4545
1203
4538
1000
516
90
133

29000
4522
66833
0
45380
73689

3509
5141
909
4545
1203
4530
995
516
90
133

28855
4522
66833
0
45300
73668

3508
5141
909
4545
1203
4522
990
516
90
133

28710
4522
66833
0
45220
73647

3507
5141
909
4545
1203
4514
985
516
90
133

28565
4522
66833
0
45140
73626

3506
5141
909
4545
1203
4506
980
516
90
133

28420
4522
66833
0
45060
73605

3505
5141
909
4545
1203
4498
975
516
90
133

28275
4522
66833
0
44980
73584

3504
5141
909
4545
1203
4490
970
516
90
133

28130
4522
66833
0
44900
73563

3503
5141
909
4545
1203
4482
965
516
90
133

27985
4522
66833
0
44820
73542

3502
5141
909
4545
1203
4474
960
516
90
133

27840
4522
66833
0
44740
73521

3501
5141
909
4545
1203
4466
955
516
90
133

27695
4522
66833
0
44660
73500

3500
5141
909
4545
1203
4458
950
516
90
133

27550
4522
66833
0
44580
73479

3499
5141
909
4545
1203
4450
945
516
90
133

27405
4522
66833
0
44500
73458

3498
5141
909
4545
1203
4442
940
516
90
133

27260
4522
66833
0
44420
73437

3497
5141
909
4545
1203
4434
935
516
90
133

27115
4522
66833
0
44340
73416

3496
5141
909
4545
1203
4426
930
516
90
133

26970
4522
66833
0
44260
73395

3495
5141
909
4545
1203
4418
925
516
90
133

26825
4522
66833
0
44180
73374

3494
5141
909
4545
1203
4410
920
516
90
133

26680
4522
66833
0
44100
73353

3493
5141
909
4545
1203
4402
915
516
90
133

26535
4522
66833
0
44020
73332

3492
5141
909
4545
1203
4394
910
516
90
133

26390
4522
66833
0
43940
73311

3491
5141
909
4545
1203
4386
905
516
90
133

26245
4522
66833
0
43860
73290

3490
5141
909
4545
1203
4378
900
516
90
133

26100
4522
66833
0
43780
73269

3489
5141
909
4545
1203
4370
895
516
90
133

25955
4522
66833
0
43700
73248

3488
5141
909
4545
1203
4362
890
516
90
133

25810
4522
66833
0
43620
73227

3487
5141
909
4545
1203
4354
885
516
90
133

25665
4522
66833
0
43540
73206

3486
5141
909
4545
1203
4346
880
516
90
133

25520
4522
66833
0
43460
73185

3485
5141
909
4545
1203
4338
875
516
90
133

25375
4522
66833
0
43380
73164

3484
5141
909
4545
1203
4330
870
516
90
133

25230
4522
66833
0
43300
73143

3483
5141
909
4545
1203
4322
865
516
90
133

25085
4522
66833
0
43220
73122

3482
5141
909
4545
1203
4314
860
516
90
133

24940
4522
66833
0
43140
73101

3481
5141
909
4545
1203
4306
855
516
90
133

24795
4522
66833
0
43060
73101

3481
5141
909
4545
1203
4298
850
516
90
133

24650
4522
66833
0
42980
73101

3481
5141
909
4545
1203
4290
845
516
90
133

24505
4522
66833
0
42900
73101

3481
5141
909
4545
1203
4282
840
516
90
133

24360
4522
66833
0
42820
73101

3481
5141
909
4545
1203
4274
835
516
90
133

24215
4522
66833
0
42740
73101

3481
5141
909
4545
1203
4266
830
516
90
133

24070
4522
66833
0
42660
73101

3481
5141
909
4545
1203
4258
825
516
90
133

23925
4522
66833
0
42580
73101

3481
5141
909
4545
1203
4250
820
516
90
133

23780
4522
66833
0
42500
73101

3481
5141
909
4545
1203
4242
815
516
90
133

23635
4522
66833
0
42420
73101

3481
5141
909
4545
1203
4234
810
516
90
133

23490
4522
66833
0
42340
73101

3481
5141
909
4545
1203
4226
805
516
90
133

23345
4522
66833
0
42260
73101

3481
5141
909
4545
1203
4218
800
516
90
133

23200
4522
66833
0
42180
73101

3481
5141
909
4545
1203
4210
795
516
90
133

23055
4522
66833
0
42100
73101

3481
5141
909
4545
1203
4202
790
516
90
133

22910
4522
66833
0
42020
73101

3481
5141
909
4545
1203
4194
785
516
90
133

22765
4522
66833
0
41940
73101

3481
5141
909
4545
1203
4186
780
516
90
133

22620
4522
66833
0
41860
73101

3481
5141
909
4545
1203
4178
775
516
90
133

22475
4522
66833
0
41780
73101

3481
5141
909
4545
1203
4170
770
516
90
133

22330
4522
66833
0
41700
73101

3481
5141
909
4545
1203
4162
765
516
90
133

22185
4522
66833
0
41620
73101

3481
5141
909
4545
1203
4154
760
516
90
133

22040
4522
66833
0
41540
73101

3481
5141
909
4545
1203
4146
755
516
90
133

21895
4522
66833
0
41460
73101

3481
5141
909
4545
1203
4138
750
516
90
133

21750
4522
66833
0
41380
73101

3481
5141
909
4545
1203
4130
745
516
90
133

21605
4522
66833
0
41300
73101

3481
5141
909
4545
1203
4122
740
516
90
133

21460
4522
66833
0
41220
73101

3481
5141
909
4545
1203
4114
735
516
90
133

21315
4522
66833
0
41140
73101

3481
5141
909
4545
1203
4106
730
516
90
133

21170
4522
66833
0
41060
73101

3481
5141
909
4545
1203
4098
725
516
90
133

21025
4522
66833
0
40980
73101

3481
5141
909
4545
1203
4090
720
516
90
133

20880
4522
66833
0
40900
73101

3481
5141
909
4545
1203
4082
715
516
90
133

20735
4522
66833
0
40820
73101

3481
5141
909
4545
1203
4074
710
516
90
133

20590
4522
66833
0
40740
73101

3481
5141
909
4545
1203
4066
705
516
90
133

20445
4522
66833
0
40660
73101

3481
5141
909
4545
1203
4058
700
516
90
133

20300
4522
66833
0
40580
73101

3481
5141
909
4545
1203
4050
695
516
90
133

20155
4522
66833
0
40500
73101

3481
5141
909
4545
1203
4042
690
516
90
133

20010
4522
66833
0
40420
73101

3481
5141
909
4545
1203
4034
685
516
90
133

19865
4522
66833
0
40340
73101

3481
5141
909
4545
1203
4026
680
516
90
133

19720
4522
66833
0
40260
73101

3481
5141
909
4545
1203
4018
675
516
90
133

19575
4522
66833
0
40180
73101

3481
5141
909
4545
1203
4010
670
516
90
133

19430
4522
66833
0
40100
73101

3481
5141
909
4545
1203
4002
665
516
90
133

19285
4522
66833
0
40020
73101

3481
5141
909
4545
1203
3994
660
516
90
133

19140
4522
66833
0
39940
73101

3481
5141
909
4545
1203
3986
655
516
90
133

18995
4522
66833
0
39860
73101

3481
5141
909
4545
1203
3978
650
516
90
133

18850
4522
66833
0
39780
73101

3481
5141
909
4545
1203
3970
645
516
90
133

18705
4522
66833
0
39700
73101

3481
5141
909
4545
1203
3962
640
516
90
133

18560
4522
66833
0
39620
73101

3481
5141
909
4545
1203
3954
635
516
90
133

18415
4522
66833
0
39540
73101

3481
5141
909
4545
1203
3946
630
516
90
133

18270
4522
66833
0
39460
73101

3481
5141
909
4545
1203
3938
625
516
90
133

18125
4522
66833
0
39380
73101

3481
5141
909
4545
1203
3930
620
516
90
133

17980
4522
66833
0
39300
73101

3481
5141
909
4545
1203
3922
615
516
90
133

17835
4522
66833
0
39220
73101

3481
5141
909
4545
1203
3914
610
516
90
133

17690
4522
66833
0
39140
73101

3481
5141
909
4545
1203
3906
605
516
90
133

17545
4522
66833
0
39060
73101

3481
5141
909
4545
1203
3898
600
516
90
133

17400
4522
66833
0
38980
73101

3481
5141
909
4545
1203
3890
595
516
90
133

17255
4522
66833
0
38900
73101

3481
5141
909
4545
1203
3882
590
516
90
133

17110
4522
66833
0
38820
73101

3481
5141
909
4545
1203
3874
585
516
90
133

16965
4522
66833
0
38740
73101

3481
5141
909
4545
1203
3866
580
516
90
133

16820
4522
66833
0
38660
73101

3481
5141
909
4545
1203
3858
575
516
90
133

16675
4522
66833
0
38580
73101

3481
5141
909
4545
1203
3850
570
516
90
133

16530
4522
66833
0
38500
73101

3481
5141
909
4545
1203
3842
565
516
90
133

16385
4522
66833
0
38420
73101

3481
5141
909
4545
1203
3834
560
516
90
133

16240
4522
66833
0
38340
73101

3481
5141
909
4545
1203
3826
555
516
90
133

16095
4522
66833
0
38260
73101

3481
5141
909
4545
1203
3818
550
516
90
133

15950
4522
66833
0
38180
73101

3481
5141
909
4545
1203
3810
545
516
90
133

15805
4522
66833
0
38100
73101

3481
5141
909
4545
1203
3802
540
516
90
133

15660
4522
66833
0
38020
73101

3481
5141
909
4545
1203
3794
535
516
90
133

15515
4522
66833
0
37940
73101

3481
5141
909
4545
1203
3786
530
516
90
133

15370
4522
66833
0
37860
73101

3481
5141
909
4545
1203
3778
525
516
90
133

15225
4522
66833
0
37780
73101

3481
5141
909
4545
1203
3770
520
516
90
133

15080
4522
66833
0
37700
73101

3481
5141
909
4545
1203
3762
515
516
90
133

14935
4522
66833
0
37620
73101

3481
5141
909
4545
1203
3754
510
516
90
133

14790
4522
66833
0
37540
73101

3481
5141
909
4545
1203
3746
505
516
90
133

14645
4522
66833
0
37460
73101

3481
5141
909
4545
1203
3738
500
516
90
133

14500
4522
66833
0
37380
73101

3481
5141
909
4545
1203
3730
495
516
90
133

14355
4522
66833
0
37300
73101

3481
5141
909
4545
1203
3722
490
516
90
133

14210
4522
66833
0
37220
73101

3481
5141
909
4545
1203
3714
485
516
90
133

14065
4522
66833
0
37140
73101

3481
5141
909
4545
1203
3706
480
516
90
133

13920
4522
66833
0
37060
73101

3481
5141
909
4545
1203
3698
475
516
90
133

13775
4522
66833
0
36980
73101

3481
5141
909
4545
1203
3690
470
516
90
133

13630
4522
66833
0
36900
73101

3481
5141
909
4545
1203
3682
465
516
90
133

13485
4522
66833
0
36820
73101

3481
5141
909
4545
1203
3674
460
516
90
133

13340
4522
66833
0
36740
73101

3481
5141
909
4545
1203
3666
455
516
90
133

13195
4522
66833
0
36660
73101

3481
5141
909
4545
1203
3658
450
516
90
133

13050
4522
66833
0
36580
73101

3481
5141
909
4545
1203
3650
445
516
90
133

12905
4522
66833
0
36500
73101

3481
5141
909
4545
1203
3642
440
516
90
133

12760
4522
66833
0
36420
73101

3481
5141
909
4545
1203
3634
435
516
90
133

12615
4522
66833
0
36340
73101

3481
5141
909
4545
1203
3626
430
516
90
133

12470
4522
66833
0
36260
73101

3481
5141
909
4545
1203
3618
425
516
90
133

12325
4522
66833
0
36180
73101

3481
5141
909
4545
1203
3610
420
516
90
133

12180
4522
66833
0
36100
73101

3481
5141
909
4545
1203
3602
415
516
90
133

12035
4522
66833
0
36020
73101

3481
5141
909
4545
1203
3594
410
516
90
133

11890
4522
66833
0
35940
73101

3481
5141
909
4545
1203
3586
405
516
90
133

11745
4522
66833
0
35860
73101

3481
5141
909
4545
1203
3578
400
516
90
133

11600
4522
66833
0
35780
73101

3481
5141
909
4545
1203
3570
395
516
90
133

11455
4522
66833
0
35700
73101

3481
5141
909
4545
1203
3562
390
516
90
133

11310
4522
66833
0
35620
73101

3481
5141
909
4545
1203
3554
385
516
90
133

11165
4522
66833
0
35540
73101

3481
5141
909
4545
1203
3546
380
516
90
133

11020
4522
66833
0
35460
73101

3481
5141
909
4545
1203
3538
375
516
90
133

10875
4522
66833
0
35380
73101

3481
5141
909
4545
1203
3530
370
516
90
133

10730
4522
66833
0
35300
73101

3481
5141
909
4545
1203
3522
365
516
90
133

10585
4522
66833
0
35220
73101

3481
5141
909
4545
1203
3514
360
516
90
133

10440
4522
66833
0
35140
73101

3481
5141
909
4545
1203
3506
355
516
90
133

10295
4522
66833
0
35060
73101

3481
5141
909
4545
1203
3498
350
516
90
133

10150
4522
66833
0
34980
73101

3481
5141
909
4545
1203
3490
345
516
90
133

10005
4522
66833
0
34900
73101

3481
5141
909
4545
1203
3482
340
516
90
133

9860
4522
66833
0
34820
73101

3481
5141
909
4545
1203
3474
335
516
90
133

9715
4522
66833
0
34740
73101

3481
5141
909
4545
1203
3466
330
516
90
133

9570
4522
66833
0
34660
73101

3481
5141
909
4545
1203
3458
325
516
90
133

9425
4522
66833
0
34580
73101

3481
5141
909
4545
1203
3450
320
516
90
133

9280
4522
66833
0
34500
73101

3481
5141
909
4545
1203
3442
315
516
90
133

9135
4522
66833
0
34420
73101

3481
5141
909
4545
1203
3434
310
516
90
133

8990
4522
66833
0
34340
73101

3481
5141
909
4545
1203
3426
305
516
90
133

8845
4522
66833
0
34260
73101

3481
5141
909
4545
1203
3418
300
516
90
133

8700
4522
66833
0
34180
73101

3481
5141
909
4545
1203
3410
295
516
90
133

8555
4522
66833
0
34100
73101

3481
5141
909
4545
1203
3402
290
516
90
133

8410
4522
66833
0
34020
73101

3481
5141
909
4545
1203
3394
285
516
90
133

8265
4522
66833
0
33940
73101

3481
5141
909
4545
1203
3386
280
516
90
133

8120
4522
66833
0
33860
73101

3481
5141
909
4545
1203
3378
275
516
90
133

7975
4522
66833
0
33780
73101

3481
5141
909
4545
1203
3370
270
516
90
133

7830
4522
66833
0
33700
73101

3481
5141
909
4545
1203
3362
265
516
90
133

7685
4522
66833
0
33620
73101

3481
5141
909
4545
1203
3354
260
516
90
133

7540
4522
66833
0
33540
73101

3481
5141
909
4545
1203
3346
255
516
90
133

7395
4522
66833
0
33460
73101

3481
5141
909
4545
1203
3338
250
516
90
133

7250
4522
66833
0
33380
73101

3481
5141
909
4545
1203
3330
516
245
90
133

7105
4522
66833
0
33300
73101

3481
5141
909
4545
1203
3322
516
240
90
133

6960
4522
66833
0
33220
73101

3481
5141
909
4545
1203
3314
516
235
90
133

6815
4522
66833
0
33140
73101

3481
5141
909
4545
1203
3306
516
230
90
133

6670
4522
66833
0
33060
73101

3481
5141
909
4545
1203
3298
516
225
90
133

6525
4522
66833
0
32980
73101

3481
5141
909
4545
1203
3290
516
220
90
133

6380
4522
66833
0
32900
73101

3481
5141
909
4545
1203
3282
516
215
90
133

6235
4522
66833
0
32820
73101

3481
5141
909
4545
1203
3274
516
210
90
133

6090
4522
66833
0
32740
73101

3481
5141
909
4545
1203
3266
516
205
90
133

5945
4522
66833
0
32660
73101

3481
5141
909
4545
1203
3258
516
200
90
133

5800
4522
66833
0
32580
73101

3481
5141
909
4545
1203
3250
516
195
90
133

5655
4522
66833
0
32500
73101

3481
5141
909
4545
1203
3242
516
190
90
133

5510
4522
66833
0
32420
73101

3481
5141
909
4545
1203
3234
516
185
90
133

5365
4522
66833
0
32340
73101

3481
5141
909
4545
1203
3226
516
180
90
133

5220
4522
66833
0
32260
73101

3481
5141
909
4545
1203
3218
516
175
90
133

5075
4522
66833
0
32180
73101

3481
5141
909
4545
1203
3210
516
90
170
133

4930
4522
66833
0
32100
73101

3481
5141
909
4545
1203
3202
516
90
165
133

4785
4522
66833
0
32020
73101

3481
5141
909
4545
1203
3194
516
90
160
133

4640
4522
66833
0
31940
73101

3481
5141
909
4545
1203
3186
516
90
133
155

4495
4522
66833
0
31860
73101

3481
5141
909
4545
1203
3178
516
90
155
126

4495
4284
66833
0
31780
73101

3481
5141
909
4545
1203
3170
516
90
150
126

4350
4284
66833
0
31700
73101

3481
5141
909
4545
1203
3162
516
90
126
145

4205
4284
66833
0
31620
73101

3481
5141
909
4545
1203
3154
516
90
145
119

4205
4046
66833
0
31540
73101

3481
5141
909
4545
1203
3146
516
90
140
119

4060
4046
66833
0
31460
73101

3481
5141
909
4545
1203
3138
516
90
119
135

3915
4046
66833
0
31380
73101

3481
5141
909
4545
1203
3130
516
90
135
112

3915
3808
66833
0
31300
73101

3481
5141
909
4545
1203
3122
516
90
112
130

3770
3808
66833
0
31220
73101

3481
5141
909
4545
1203
3114
516
90
130
105

3770
3570
66833
0
31140
73101

3481
5141
909
4545
1203
3106
516
90
125
105

3625
3570
66833
0
31060
73101

3481
5141
909
4545
1203
3098
516
90
105
120

3480
3570
66833
0
30980
73101

3481
5141
909
4545
1203
3090
516
90
120
98

3480
3332
66833
0
30900
73101

3481
5141
909
4545
1203
3082
516
90
115
98

3335
3332
66833
0
30820
73101

3481
5141
909
4545
1203
3074
516
90
98
110

3190
3332
66833
0
30740
73101

3481
5141
909
4545
1203
3066
516
90
110
91

3190
3094
66833
0
30660
73101

3481
5141
909
4545
1203
3058
516
90
91
105

3045
3094
66833
0
30580
73101

3481
5141
909
4545
1203
3050
516
90
105
84

3045
2856
66833
0
30500
73101

3481
5141
909
4545
1203
3042
516
90
100
84

2900
2856
66833
0
30420
73101

3481
5141
909
4545
1203
3034
516
90
84
95

2755
2856
66833
0
30340
73101

3481
5141
909
4545
1203
3026
516
90
95
77

2755
2618
66833
0
30260
73101

3481
5141
909
4545
1203
3018
516
90
77
90

2610
2618
66833
0
30180
73101

3481
5141
909
4545
1203
3010
516
90
90
70

2610
2380
66833
0
30100
73101

3481
5141
909
4545
1203
3002
516
90
85
70

2465
2380
66833
0
30020
73101

3481
5141
909
4545
1203
2994
516
90
70
80

2320
2380
66833
0
29940
73101

3481
5141
909
4545
1203
2986
516
90
80
63

2320
2142
66833
0
29860
73101

3481
5141
909
4545
1203
2978
516
90
75
63

2175
2142
66833
0
29780
73101

3481
5141
909
4545
1203
2970
516
90
63
70

2030
2142
66833
0
29700
73101

3481
5141
909
4545
1203
2962
516
90
70
56

2030
1904
66833
0
29620
73101

3481
5141
909
4545
1203
2954
516
90
56
65

1885
1904
66833
0
29540
73101

3481
5141
909
4545
1203
2946
516
90
65
49

1885
1666
66833
0
29460
73101

3481
5141
909
4545
1203
2938
516
90
60
49

1740
1666
66833
0
29380
73101

3481
5141
909
4545
1203
2930
516
90
49
55

1595
1666
66833
0
29300
73101

3481
5141
909
4545
1203
2922
516
90
55
42

1595
1428
66833
0
29220
73101

3481
5141
909
4545
1203
2914
516
90
50
42

1450
1428
66833
0
29140
73101

3481
5141
909
4545
1203
2906
516
90
42
45

1305
1428
66833
0
29060
73101

3481
5141
909
4545
1203
2898
516
90
45
35

1305
1190
66833
0
28980
73101

3481
5141
909
4545
1203
2890
516
90
35
40

1160
1190
66833
0
28900
73101

3481
5141
909
4545
1203
2882
516
90
40
28

1160
952
66833
0
28820
73101

3481
5141
909
4545
1203
2874
516
90
35
28

1015
952
66833
0
28740
73101

3481
5141
909
4545
1203
2866
516
90
28
30

870
952
66833
0
28660
73101

3481
5141
909
4545
1203
2858
516
90
30
21

870
714
66833
0
28580
73101

3481
5141
909
4545
1203
2850
516
90
25
21

725
714
66833
0
28500
73101

3481
5141
909
4545
1203
2842
516
90
21
20

580
714
66833
0
28420
73101

3481
5141
909
4545
1203
2834
516
90
20
14

580
476
66833
0
28340
73101

3481
5141
909
4545
1203
2826
516
90
14
15

435
476
66833
0
28260
73101

3481
5141
909
4545
1203
2818
516
90
15
7

435
238
66833
0
28180
73101

3481
5141
909
4545
1203
2810
516
90
10
7

290
238
66833
0
28100
73101

3481
5141
909
4545
1203
2802
516
90
7
5

145
238
66833
0
28020
73101

3481
5141
909
4545
1203
2794
516
90
5

145
66833
27940
73101

3481
5141
909
4545
1203
2786
516
90

27860
73101

3481
5141
909
4545
1203
2778
516
90

27780
73101

3481
5141
909
4545
1203
2770
516
90

27700
73101

3481
5141
909
4545
1203
2762
516
90

27620
73101

3481
5141
909
4545
1203
2754
516
90

27540
73101

3481
5141
909
4545
1203
2746
516
90

27460
73101

3481
5141
909
4545
1203
2738
516
90

27380
73101

3481
5141
909
4545
1203
2730
516
90

27300
73101

3481
5141
909
4545
1203
2722
516
90

27220
73101

3481
5141
909
4545
1203
2714
516
90

27140
73101

3481
5141
909
4545
1203
2706
516
90

27060
73101

3481
5141
909
4545
1203
2698
516
90

26980
73101

3481
5141
909
4545
1203
2690
516
90

26900
73101

3481
5141
909
4545
1203
2682
516
90

26820
73101

3481
5141
909
4545
1203
2674
516
90

26740
73101

3481
5141
909
4545
1203
2666
516
90

26660
73101

3481
5141
909
4545
1203
2658
516
90

26580
73101

3481
5141
909
4545
1203
2650
516
90

26500
73101

3481
5141
909
4545
1203
2642
516
90

26420
73101

3481
5141
909
4545
1203
2634
516
90

26340
73101

3481
5141
909
4545
1203
2626
516
90

26260
73101

3481
5141
909
4545
1203
2618
516
90

26180
73101

3481
5141
909
4545
1203
2610
516
90

26100
73101

3481
5141
909
4545
1203
2602
516
90

26020
73101

3481
5141
909
4545
1203
2594
516
90

25940
73101

3481
5141
909
4545
1203
2586
516
90

25860
73101

3481
5141
909
4545
1203
2578
516
90

25780
73101

3481
5141
909
4545
1203
2570
516
90

25700
73101

3481
5141
909
4545
1203
2562
516
90

25620
73101

3481
5141
909
4545
1203
2554
516
90

25540
73101

3481
5141
909
4545
1203
2546
516
90

25460
73101

3481
5141
909
4545
1203
2538
516
90

25380
73101

3481
5141
909
4545
1203
2530
516
90

25300
73101

3481
5141
909
4545
1203
2522
516
90

25220
73101

3481
5141
909
4545
1203
2514
516
90

25140
73101

3481
5141
909
4545
1203
2506
516
90

25060
73101

3481
5141
909
4545
1203
2498
516
90

24980
73101

3481
5141
909
4545
1203
2490
516
90

24900
73101

3481
5141
909
4545
1203
2482
516
90

24820
73101

3481
5141
909
4545
1203
2474
516
90

24740
73101

3481
5141
909
4545
1203
2466
516
90

24660
73101

3481
5141
909
4545
1203
2458
516
90

24580
73101

3481
5141
909
4545
1203
2450
516
90

24500
73101

3481
5141
909
4545
1203
2442
516
90

24420
73101

3481
5141
909
4545
1203
2434
516
90

24340
73101

3481
5141
909
4545
1203
2426
516
90

24260
73101

3481
5141
909
4545
1203
2418
516
90

24180
73101

3481
5141
909
4545
1203
2410
516
90

24100
73101

3481
5141
909
4545
1203
2402
516
90

24020
73101

3481
5141
909
4545
1203
2394
516
90

23940
73101

3481
5141
909
4545
1203
2386
516
90

23860
73101

3481
5141
909
4545
1203
2378
516
90

23780
73101

3481
5141
909
4545
1203
2370
516
90

23700
73101

3481
5141
909
4545
1203
2362
516
90

23620
73101

3481
5141
909
4545
1203
2354
516
90

23540
73101

3481
5141
909
4545
1203
2346
516
90

23460
73101

3481
5141
909
4545
1203
2338
516
90

23380
73101

3481
5141
909
4545
1203
2330
516
90

23300
73101

3481
5141
909
4545
1203
2322
516
90

23220
73101

3481
5141
909
4545
1203
2314
516
90

23140
73101

3481
5141
909
4545
1203
2306
516
90

23060
73101

3481
5141
909
4545
1203
2298
516
90

22980
73101

3481
5141
909
4545
1203
2290
516
90

22900
73101

3481
5141
909
4545
1203
2282
516
90

22820
73101

3481
5141
909
4545
1203
2274
516
90

22740
73101

3481
5141
909
4545
1203
2266
516
90

22660
73101

3481
5141
909
4545
1203
2258
516
90

22580
73101

3481
5141
909
4545
1203
2250
516
90

22500
73101

3481
5141
909
4545
1203
2242
516
90

22420
73101

3481
5141
909
4545
1203
2234
516
90

22340
73101

3481
5141
909
4545
1203
2226
516
90

22260
73101

3481
5141
909
4545
1203
2218
516
90

22180
73101

3481
5141
909
4545
1203
2210
516
90

22100
73101

3481
5141
909
4545
1203
2202
516
90

22020
73101

3481
5141
909
4545
1203
2194
516
90

21940
73101

3481
5141
909
4545
1203
2186
516
90

21860
73101

3481
5141
909
4545
1203
2178
516
90

21780
73101

3481
5141
909
4545
1203
2170
516
90

21700
73101

3481
5141
909
4545
1203
2162
516
90

21620
73101

3481
5141
909
4545
1203
2154
516
90

21540
73101

3481
5141
909
4545
1203
2146
516
90

21460
73101

3481
5141
909
4545
1203
2138
516
90

21380
73101

3481
5141
909
4545
1203
2130
516
90

21300
73101

3481
5141
909
4545
1203
2122
516
90

21220
73101

3481
5141
909
4545
1203
2114
516
90

21140
73101

3481
5141
909
4545
1203
2106
516
90

21060
73101

3481
5141
909
4545
1203
2098
516
90

20980
73101

3481
5141
909
4545
1203
2090
516
90

20900
73101

3481
5141
909
4545
1203
2082
516
90

20820
73101

3481
5141
909
4545
1203
2074
516
90

20740
73101

3481
5141
909
4545
1203
2066
516
90

20660
73101

3481
5141
909
4545
1203
2058
516
90

20580
73101

3481
5141
909
4545
1203
2050
516
90

20500
73101

3481
5141
909
4545
1203
2042
516
90

20420
73101

3481
5141
909
4545
1203
2034
516
90

20340
73101

3481
5141
909
4545
1203
2026
516
90

20260
73101

3481
5141
909
4545
1203
2018
516
90

20180
73101

3481
5141
909
4545
1203
2010
516
90

20100
73101

3481
5141
909
4545
1203
2002
516
90

20020
73101

3481
5141
909
4545
1203
1994
516
90

19940
73101

3481
5141
909
4545
1203
1986
516
90

19860
73101

3481
5141
909
4545
1203
1978
516
90

19780
73101

3481
5141
909
4545
1203
1970
516
90

19700
73101

3481
5141
909
4545
1203
1962
516
90

19620
73101

3481
5141
909
4545
1203
1954
516
90

19540
73101

3481
5141
909
4545
1203
1946
516
90

19460
73101

3481
5141
909
4545
1203
1938
516
90

19380
73101

3481
5141
909
4545
1203
1930
516
90

19300
73101

3481
5141
909
4545
1203
1922
516
90

19220
73101

3481
5141
909
4545
1203
1914
516
90

19140
73101

3481
5141
909
4545
1203
1906
516
90

19060
73101

3481
5141
909
4545
1203
1898
516
90

18980
73101

3481
5141
909
4545
1203
1890
516
90

18900
73101

3481
5141
909
4545
1203
1882
516
90

18820
73101

3481
5141
909
4545
1203
1874
516
90

18740
73101

3481
5141
909
4545
1203
1866
516
90

18660
73101

3481
5141
909
4545
1203
1858
516
90

18580
73101

3481
5141
909
4545
1203
1850
516
90

18500
73101

3481
5141
909
4545
1203
1842
516
90

18420
73101

3481
5141
909
4545
1203
1834
516
90

18340
73101

3481
5141
909
4545
1203
1826
516
90

18260
73101

3481
5141
909
4545
1203
1818
516
90

18180
73101

3481
5141
909
4545
1203
1810
516
90

18100
73101

3481
5141
909
4545
1203
1802
516
90

18020
73101

3481
5141
909
4545
1203
1794
516
90

17940
73101

3481
5141
909
4545
1203
1786
516
90

17860
73101

3481
5141
909
4545
1203
1778
516
90

17780
73101

3481
5141
909
4545
1203
1770
516
90

17700
73101

3481
5141
909
4545
1203
1762
516
90

17620
73101

3481
5141
909
4545
1203
1754
516
90

17540
73101

3481
5141
909
4545
1203
1746
516
90

17460
73101

3481
5141
909
4545
1203
1738
516
90

17380
73101

3481
5141
909
4545
1203
1730
516
90

17300
73101

3481
5141
909
4545
1203
1722
516
90

17220
73101

3481
5141
909
4545
1203
1714
516
90

17140
73101

3481
5141
909
4545
1203
1706
516
90

17060
73101

3481
5141
909
4545
1203
1698
516
90

16980
73101

3481
5141
909
4545
1203
1690
516
90

16900
73101

3481
5141
909
4545
1203
1682
516
90

16820
73101

3481
5141
909
4545
1203
1674
516
90

16740
73101

3481
5141
909
4545
1203
1666
516
90

16660
73101

3481
5141
909
4545
1203
1658
516
90

16580
73101

3481
5141
909
4545
1203
1650
516
90

16500
73101

3481
5141
909
4545
1203
1642
516
90

16420
73101

3481
5141
909
4545
1203
1634
516
90

16340
73101

3481
5141
909
4545
1203
1626
516
90

16260
73101

3481
5141
909
4545
1203
1618
516
90

16180
73101

3481
5141
909
4545
1203
1610
516
90

16100
73101

3481
5141
909
4545
1203
1602
516
90

16020
73101

3481
5141
909
4545
1203
1594
516
90

15940
73101

3481
5141
909
4545
1203
1586
516
90

15860
73101

3481
5141
909
4545
1203
1578
516
90

15780
73101

3481
5141
909
4545
1203
1570
516
90

15700
73101

3481
5141
909
4545
1203
1562
516
90

15620
73101

3481
5141
909
4545
1203
1554
516
90

15540
73101

3481
5141
909
4545
1203
1546
516
90

15460
73101

3481
5141
909
4545
1203
1538
516
90

15380
73101

3481
5141
909
4545
1203
1530
516
90

15300
73101

3481
5141
909
4545
1203
1522
516
90

15220
73101

3481
5141
909
4545
1203
1514
516
90

15140
73101

3481
5141
909
4545
1203
1506
516
90

15060
73101

3481
5141
909
4545
1203
1498
516
90

14980
73101

3481
5141
909
4545
1203
1490
516
90

14900
73101

3481
5141
909
4545
1203
1482
516
90

14820
73101

3481
5141
909
4545
1203
1474
516
90

14740
73101

3481
5141
909
4545
1203
1466
516
90

14660
73101

3481
5141
909
4545
1203
1458
516
90

14580
73101

3481
5141
909
4545
1203
1450
516
90

14500
73101

3481
5141
909
4545
1203
1442
516
90

14420
73101

3481
5141
909
4545
1203
1434
516
90

14340
73101

3481
5141
909
4545
1203
1426
516
90

14260
73101

3481
5141
909
4545
1203
1418
516
90

14180
73101

3481
5141
909
4545
1203
1410
516
90

14100
73101

3481
5141
909
4545
1203
1402
516
90

14020
73101

3481
5141
909
4545
1203
1394
516
90

13940
73101

3481
5141
909
4545
1203
1386
516
90

13860
73101

3481
5141
909
4545
1203
1378
516
90

13780
73101

3481
5141
909
4545
1203
1370
516
90

13700
73101

3481
5141
909
4545
1203
1362
516
90

13620
73101

3481
5141
909
4545
1203
1354
516
90

13540
73101

3481
5141
909
4545
1203
1346
516
90

13460
73101

3481
5141
909
4545
1203
1338
516
90

13380
73101

3481
5141
909
4545
1203
1330
516
90

13300
73101

3481
5141
909
4545
1203
1322
516
90

13220
73101

3481
5141
909
4545
1203
1314
516
90

13140
73101

3481
5141
909
4545
1203
1306
516
90

13060
73101

3481
5141
909
4545
1203
1298
516
90

12980
73101

3481
5141
909
4545
1203
1290
516
90

12900
73101

3481
5141
909
4545
1203
1282
516
90

12820
73101

3481
5141
909
4545
1203
1274
516
90

12740
73101

3481
5141
909
4545
1203
1266
516
90

12660
73101

3481
5141
909
4545
1203
1258
516
90

12580
73101

3481
5141
909
4545
1203
1250
516
90

12500
73101

3481
5141
909
4545
1203
1242
516
90

12420
73101

3481
5141
909
4545
1203
1234
516
90

12340
73101

3481
5141
909
4545
1203
1226
516
90

12260
73101

3481
5141
909
4545
1203
1218
516
90

12180
73101

3481
5141
909
4545
1203
1210
516
90

12100
73101

3481
5141
909
4545
1203
1202
516
90

12020
73101

3481
5141
909
4545
1203
1194
516
90

11940
73101

3481
5141
909
4545
1203
1186
516
90

11860
73101

3481
5141
909
4545
1203
1178
516
90

11780
73101

3481
5141
909
4545
1203
1170
516
90

11700
73101

3481
5141
909
4545
1203
1162
516
90

11620
73101

3481
5141
909
4545
1203
1154
516
90

11540
73101

3481
5141
909
4545
1203
1146
516
90

11460
73101

3481
5141
909
4545
1203
1138
516
90

11380
73101

3481
5141
909
4545
1203
1130
516
90

11300
73101

3481
5141
909
4545
1203
1122
516
90

11220
73101

3481
5141
909
4545
1203
1114
516
90

11140
73101

3481
5141
909
4545
1203
1106
516
90

11060
73101

3481
5141
909
4545
1203
1098
516
90

10980
73101

3481
5141
909
4545
1203
1090
516
90

10900
73101

3481
5141
909
4545
1203
1082
516
90

10820
73101

3481
5141
909
4545
1203
1074
516
90

10740
73101

3481
5141
909
4545
1203
1066
516
90

10660
73101

3481
5141
909
4545
1203
1058
516
90

10580
73101

3481
5141
909
4545
1203
1050
516
90

10500
73101

3481
5141
909
4545
1203
1042
516
90

10420
73101

3481
5141
909
4545
1203
1034
516
90

10340
73101

3481
5141
909
4545
1203
1026
516
90

10260
73101

3481
5141
909
4545
1203
1018
516
90

10180
73101

3481
5141
909
4545
1203
1010
516
90

10100
73101

3481
5141
909
4545
1203
1002
516
90

10020
73101

3481
5141
909
4545
1203
994
516
90

9940
73101

3481
5141
909
4545
1203
986
516
90

9860
73101

3481
5141
909
4545
1203
978
516
90

9780
73101

3481
5141
909
4545
1203
970
516
90

9700
73101

3481
5141
909
4545
1203
962
516
90

9620
73101

3481
5141
909
4545
1203
954
516
90

9540
73101

3481
5141
909
4545
1203
946
516
90

9460
73101

3481
5141
909
4545
1203
938
516
90

9380
73101

3481
5141
909
4545
1203
930
516
90

9300
73101

3481
5141
909
4545
1203
922
516
90

9220
73101

3481
5141
909
4545
1203
914
516
90

9140
73101

3481
5141
909
4545
1203
906
516
90

9060
73101

3481
5141
909
4545
1203
898
516
90

8980
73101

3481
5141
909
4545
1203
890
516
90

8900
73101

3481
5141
909
4545
1203
882
516
90

8820
73101

3481
5141
909
4545
1203
874
516
90

8740
73101

3481
5141
909
4545
1203
866
516
90

8660
73101

3481
5141
909
4545
1203
858
516
90

8580
73101

3481
5141
909
4545
1203
850
516
90

8500
73101

3481
5141
909
4545
1203
842
516
90

8420
73101

3481
5141
909
4545
1203
834
516
90

8340
73101

3481
5141
909
4545
1203
826
516
90

8260
73101

3481
5141
909
4545
1203
818
516
90

8180
73101

3481
5141
909
4545
1203
810
516
90

8100
73101

3481
5141
909
4545
1203
802
516
90

8020
73101

3481
5141
909
4545
1203
794
516
90

7940
73101

3481
5141
909
4545
1203
786
516
90

7860
73101

3481
5141
909
4545
1203
778
516
90

7780
73101

3481
5141
909
4545
1203
770
516
90

7700
73101

3481
5141
909
4545
1203
762
516
90

7620
73101

3481
5141
909
4545
1203
754
516
90

7540
73101

3481
5141
909
4545
1203
746
516
90

7460
73101

3481
5141
909
4545
1203
738
516
90

7380
73101

3481
5141
909
4545
1203
730
516
90

7300
73101

3481
5141
909
4545
1203
516
722
90

7220
73101

3481
5141
909
4545
1203
516
714
90

7140
73101

3481
5141
909
4545
1203
516
706
90

7060
73101

3481
5141
909
4545
1203
516
698
90

6980
73101

3481
5141
909
4545
1203
516
690
90

6900
73101

3481
5141
909
4545
1203
516
682
90

6820
73101

3481
5141
909
4545
1203
516
674
90

6740
73101

3481
5141
909
4545
1203
516
666
90

6660
73101

3481
5141
909
4545
1203
516
658
90

6580
73101

3481
5141
909
4545
1203
516
650
90

6500
73101

3481
5141
909
4545
1203
516
642
90

6420
73101

3481
5141
909
4545
1203
516
634
90

6340
73101

3481
5141
909
4545
1203
516
626
90

6260
73101

3481
5141
909
4545
1203
516
618
90

6180
73101

3481
5141
909
4545
1203
516
610
90

6100
73101

3481
5141
909
4545
1203
516
602
90

6020
73101

3481
5141
909
4545
1203
516
594
90

5940
73101

3481
5141
909
4545
1203
516
586
90

5860
73101

3481
5141
909
4545
1203
516
578
90

5780
73101

3481
5141
909
4545
1203
516
570
90

5700
73101

3481
5141
909
4545
1203
516
562
90

5620
73101

3481
5141
909
4545
1203
516
554
90

5540
73101

3481
5141
909
4545
1203
516
546
90

5460
73101

3481
5141
909
4545
1203
516
538
90

5380
73101

3481
5141
909
4545
1203
516
530
90

5300
73101

3481
5141
909
4545
1203
516
522
90

5220
73101

3481
5141
909
4545
1203
516
514
90

5140
73101

3481
5141
909
4545
1203
516
506
90

5060
73101

3481
5141
909
4545
1203
516
90
498

4980
73101

3481
5141
909
4545
1203
516
90
490

4900
73101

3481
5141
909
4545
1203
516
90
482

4820
73101

3481
5141
909
4545
1203
516
90
474

4740
73101

3481
5141
909
4545
1203
516
90
466

4660
73101

3481
5141
909
4545
1203
516
90
458

4580
73101

3481
5141
909
4545
1203
516
90
450

4500
73101

3481
5141
909
4545
1203
516
90
442

4420
73101

3481
5141
909
4545
1203
516
90
434

4340
73101

3481
5141
909
4545
1203
516
90
426

4260
73101

3481
5141
909
4545
1203
516
90
418

4180
73101

3481
5141
909
4545
1203
516
90
410

4100
73101

3481
5141
909
4545
1203
516
90
402

4020
73101

3481
5141
909
4545
1203
516
90
394

3940
73101

3481
5141
909
4545
1203
516
90
386

3860
73101

3481
5141
909
4545
1203
516
90
378

3780
73101

3481
5141
909
4545
1203
516
90
370

3700
73101

3481
5141
909
4545
1203
516
90
362

3620
73101

3481
5141
909
4545
1203
516
90
354

3540
73101

3481
5141
909
4545
1203
516
90
346

3460
73101

3481
5141
909
4545
1203
516
90
338

3380
73101

3481
5141
909
4545
1203
516
90
330

3300
73101

3481
5141
909
4545
1203
516
90
322

3220
73101

3481
5141
909
4545
1203
516
90
314

3140
73101

3481
5141
909
4545
1203
516
90
306

3060
73101

3481
5141
909
4545
1203
516
90
298

2980
73101

3481
5141
909
4545
1203
516
90
290

2900
73101

3481
5141
909
4545
1203
516
90
282

2820
73101

3481
5141
909
4545
1203
516
90
274

2740
73101

3481
5141
909
4545
1203
516
90
266

2660
73101

3481
5141
909
4545
1203
516
90
258

2580
73101

3481
5141
909
4545
1203
516
90
250

2500
73101

3481
5141
909
4545
1203
516
90
242

2420
73101

3481
5141
909
4545
1203
516
90
234

2340
73101

3481
5141
909
4545
1203
516
90
226

2260
73101

3481
5141
909
4545
1203
516
90
218

2180
73101

3481
5141
909
4545
1203
516
90
210

2100
73101

3481
5141
909
4545
1203
516
90
202

2020
73101

3481
5141
909
4545
1203
516
90
194

1940
73101

3481
5141
909
4545
1203
516
90
186

1860
73101

3481
5141
909
4545
1203
516
90
178

1780
73101

3481
5141
909
4545
1203
516
90
170

1700
73101

3481
5141
909
4545
1203
516
90
162

1620
73101

3481
5141
909
4545
1203
516
90
154

1540
73101

3481
5141
909
4545
1203
516
90
146

1460
73101

3481
5141
909
4545
1203
516
90
138

1380
73101

3481
5141
909
4545
1203
516
90
130

1300
73101

3481
5141
909
4545
1203
516
90
122

1220
73101

3481
5141
909
4545
1203
516
90
114

1140
73101

3481
5141
909
4545
1203
516
90
106

1060
73101

3481
5141
909
4545
1203
516
90
98

980
73101

3481
5141
909
4545
1203
516
90
90

900
73101

3481
5141
909
4545
1203
516
90
82

820
73101

3481
5141
909
4545
1203
516
90
74

740
73101

3481
5141
909
4545
1203
516
90
66

660
73101

3481
5141
909
4545
1203
516
90
58

580
73101

3481
5141
909
4545
1203
516
90
50

500
73101

3481
5141
909
4545
1203
516
90
42

420
73101

3481
5141
909
4545
1203
516
90
34

340
73101

3481
5141
909
4545
1203
516
90
26

260
73101

3481
5141
909
4545
1203
516
90
18

180
73101

3481
5141
909
4545
1203
516
90
10

100
73101

3481
5141
909
4545
1203
516
90
2

20
73101

Part 1: 15885, took 453.596153ms
